-3.540672
-3.536285
-5.684493
-4.45773
-2.955238
-3.896066
-3.580394
-3.234929
-3.132621
-2.760531
-3.612807
-3.036111
-3.21657
-3.452315
-2.863455
-3.223157
-3.582115
-2.652066
-3.740905
-3.069674
-3.379016
-4.251738
-2.603911
-3.461691
-3.279038
-2.349451
-3.215348
-3.808872
-2.98204
-3.276019
-4.036341
-3.892735
-3.726748
-3.015993
-3.176338
-3.274381
-3.448874
-4.059453
-2.740863
-2.823277
-3.319756
-4.302328
-4.801967
-4.668285
-3.70734
-4.250471
-4.49073
-4.83591
-2.882566
-4.118556
-4.03484
-4.729941
-4.116085
-4.366935
-4.789774
-3.135366
-3.257671
-4.987624
-3.948096
-4.620436
-4.031497
-4.629203
-3.803141
-4.063735
-5.100683
-5.181171
-4.301152
-4.859732
-5.120367
-3.62322
-4.090878
-4.13239
-6.757671
-4.892738
-5.267623
-5.025957
-5.520561
-6.546747
-4.366198
-4.517399
-5.644792
-6.241594
-3.804674
-3.413098
-3.857699
