0.8297594
0.8029482
0.9257253
1.816983
1.466881
1.334475
2.300737
1.375242
0.2513886
0.5609403
1.758693
1.077536
1.052705
1.273587
0.8708316
1.015196
1.174248
1.361459
1.016659
1.74136
0.759267
0.7161132
0.7798763
1.049984
1.239555
1.481641
1.200821
1.320907
1.487421
1.899507
1.025584
1.046827
1.072377
0.9412965
1.042175
1.383532
1.508577
1.420588
1.023622
1.331904
1.75667
0.8430398
1.325656
0.6257349
1.431997
1.461373
0.5015188
1.370782
0.8411056
0.9579597
1.349524
1.668305
1.309476
1.04518
0.4261284
0.6541895
1.405602
0.935754
0.7962918
0.9938186
0.5097777
1.364182
1.762839
1.278825
0.7668903
0.8699673
0.7796404
1.506622
1.599892
0.9942958
1.404251
1.028085
1.390437
0.6817326
1.294
1.092629
1.475316
0.9471642
0.8349642
1.412975
1.264137
1.562723
1.434313
1.431726
1.410505
