0.9217963
1.054019
2.331707
1.982436
0.6479285
1.643286
1.365453
1.280014
0.7935371
1.086959
1.114868
0.8716176
0.9716443
1.655937
1.180396
0.8394234
1.451122
0.4555246
1.201975
0.6172834
0.8255596
2.076491
0.5445329
1.144691
0.8744456
0.5906613
0.7744527
1.093427
0.80242
0.9166756
1.769645
1.207918
0.7361688
0.8711264
0.7327013
0.569519
1.041862
1.292158
0.5694412
0.5706457
0.7152805
1.63447
1.615593
1.706095
0.8030054
1.122973
1.252259
2.172314
0.8543422
1.471381
1.439322
1.528602
1.388961
2.118819
1.562191
0.8167444
0.6338449
1.530785
1.001649
1.208019
1.068722
1.741332
1.241735
1.653466
2.214862
1.842379
1.549089
2.642605
1.814158
1.198553
0.8623612
1.270558
3.303342
1.970392
1.744166
1.605219
2.243779
3.301628
0.9551428
1.262768
3.01832
2.418858
0.9866793
0.3870821
1.217753
