-1.3186
-1.137128
-3.128533
-1.96111
-0.5056203
-1.54954
-0.7117868
-0.8309024
-0.6250171
-0.7716129
-1.369356
-0.905269
-1.14519
-1.11003
-0.347467
-0.7245891
-1.342524
-0.4964319
-1.514405
-0.9795258
-1.389098
-1.649224
-0.1334166
-0.8434828
-0.7818837
-0.09439258
-1.179845
-1.201774
-0.4848991
-0.9458822
-1.220967
-1.650376
-1.67928
-1.200704
-1.053241
-1.315842
-1.319122
-1.399612
-0.7818046
-1.365968
-1.365161
-2.097874
-2.96935
-2.278739
-2.187989
-2.489921
-1.808583
-2.730173
-1.043219
-2.16935
-1.624767
-2.625257
-1.657119
-1.593607
-2.580537
-1.206316
-1.633283
-3.029658
-1.881255
-2.778496
-2.038056
-2.822661
-1.625548
-1.663414
-3.071252
-3.360397
-2.632109
-2.377125
-2.827963
-1.577998
-1.998116
-2.00733
-4.687254
-2.481926
-3.198086
-3.246169
-2.980717
-4.267198
-2.95558
-2.889911
-3.729065
-4.319296
-2.325805
-2.335326
-2.187216
