-1.301986
-0.7387739
-1.171639
-1.46462
-0.5649321
-1.189879
-0.9909978
-0.9887864
0.24606
-0.4508035
-1.531188
-1.083929
-0.9328201
-0.3871345
-0.862102
-1.2772
-1.131916
-2.4082
-1.081193
-1.728893
-1.21707
-1.023602
-1.051823
-1.927365
-0.2796252
-1.973494
-1.544376
-0.7804549
-1.372572
-1.303334
-1.635692
-1.689897
-1.597145
-1.229451
-1.212401
-1.031745
-1.038952
-1.29929
-0.5236926
-1.156305
-2.476256
-1.07069
-1.267145
-1.163391
-1.791866
-1.809478
-1.023947
-1.448283
-1.455361
-1.157075
-1.60816
-2.591124
-1.719432
-1.688582
-1.206012
-0.7853118
-1.155137
-1.439929
-1.217744
-1.488262
-1.026003
-1.629557
-2.433954
-0.5711698
-0.5055796
-1.449236
-1.161241
-1.816048
-1.847755
-1.437867
-1.733572
-1.391976
-2.333617
-1.515538
-1.167695
-1.568873
-0.7707451
-1.679312
-1.32088
-1.66191
-2.435261
-1.800141
-2.362141
-2.627501
-2.250652
