-1.244918
-1.67575
-0.8138725
-1.03756
-0.372691
-0.9884285
-0.05196981
-0.8185733
-0.8787402
-0.5921518
-0.7321711
-0.8891439
-0.8142419
-0.3243828
-0.8991295
-1.022112
-0.8133999
-1.541333
-1.088759
-0.7087765
-1.061627
-0.8946961
-0.9924423
-1.501965
-0.4545707
-1.339085
-1.004808
-0.3699838
-0.6150288
-0.8801249
-1.365472
-1.471157
-1.316837
-1.134378
-0.9947264
-0.4775792
-0.6257169
-0.8418172
-0.8185216
-0.8644048
-1.318032
-1.204854
-0.7460872
-1.392574
-0.9038993
-0.9172107
-1.158701
-0.8689212
-1.14782
-1.28056
-1.097321
-1.52748
-1.345781
-1.350253
-1.383697
-1.140714
-0.4817413
-1.239425
-1.137449
-0.9397589
-1.002675
-0.8180146
-1.41659
-0.3797476
-0.9886692
-1.264533
-1.117779
-1.128116
-1.222445
-1.325293
-1.246628
-1.085808
-1.953966
-1.35595
-0.5650547
-1.519425
-0.918658
-1.528293
-1.099085
-0.7266225
-1.790542
-1.196247
-1.675222
-1.585945
-1.491456
