-1.109654
-0.7591488
-1.810969
-1.134727
-0.9416082
-0.7381655
-0.7325948
-0.7014553
-1.075717
-0.3561675
-0.9498763
-0.8051105
-1.00783
-0.2175584
-0.203489
-0.7904021
-0.7012219
-1.075354
-1.047597
-1.417037
-1.360901
-0.601139
-1.113119
-0.8903799
-0.8570262
-0.6137447
-1.303208
-1.522725
-1.129812
-1.040034
-0.499107
-1.355501
-1.710244
-1.189924
-1.433959
-1.515895
-0.9845798
-1.446926
-1.162709
-1.356206
-1.454382
-1.304174
-1.838686
-1.359849
-1.974233
-1.955303
-1.672717
-1.214322
-0.7195467
-1.483993
-0.9456597
-1.84045
-1.141459
-0.5966833
-1.913052
-1.054418
-1.541918
-2.180591
-1.700566
-2.031903
-1.662961
-1.544334
-1.274629
-1.023475
-1.566294
-2.10614
-1.678003
-0.500738
-1.699208
-1.063479
-1.803878
-1.460955
-1.743243
-1.155083
-2.120279
-2.005166
-1.590376
-1.299147
-2.282287
-2.08842
-1.173834
-2.451153
-1.997127
-2.318474
-1.611091
