18.4887
18.9736
26.97312
28.46471
17.53851
21.01966
20.33663
22.8624
14.87009
17.61514
19.32323
14.0702
16.86484
22.13065
15.85494
14.11549
21.72082
13.41828
15.20309
10.92674
12.64161
21.49143
12.4719
21.45215
16.14531
12.2101
9.812896
19.41332
20.76725
21.20917
29.46631
24.41914
15.60481
16.5436
11.46559
12.61415
18.25651
21.05569
13.26542
15.3587
18.86597
21.62913
21.3379
24.44489
14.0811
19.36494
18.83334
31.10182
18.46456
19.03319
26.57502
23.68207
23.70459
25.93351
24.03467
22.3881
14.49415
24.73821
23.04686
26.21122
24.90475
33.07145
23.77763
35.15826
33.68311
34.00299
34.48231
39.78194
36.62847
25.83857
25.21599
27.40536
43.05473
27.39641
26.05546
31.55445
33.69668
46.53027
26.22238
30.53083
44.50825
40.5994
22.87122
12.84892
20.78689
