14.03046
11.23158
15.20379
17.1277
17.69187
15.20578
23.96059
20.0078
5.226634
13.37807
19.16737
16.56623
13.98456
18.82272
12.79335
12.79915
15.3939
19.6132
14.99458
16.99383
10.37406
9.402796
7.020467
12.79701
14.2791
15.74426
18.53096
17.058
20.07027
21.85947
14.99156
14.86141
16.49763
18.48741
19.58627
18.1469
19.46663
20.26493
15.93089
19.52756
21.47823
16.26727
19.0519
9.562568
16.28416
15.92352
10.6485
18.07984
13.32079
12.22373
20.13465
15.13961
19.81643
20.10079
13.39945
17.35977
20.18319
16.04991
14.43639
16.20887
12.56379
20.46075
17.36258
21.27596
13.72759
15.3396
13.15923
18.3207
16.47151
11.82851
14.85576
14.07519
16.07322
9.426207
21.00901
16.37945
22.58242
15.44806
14.57289
20.13724
16.17136
18.28824
16.70787
21.67247
16.32295
