14.43284
15.68087
22.15932
23.76818
15.78418
18.24894
18.84146
19.91864
12.14354
16.12961
16.54733
12.31561
14.24582
19.78948
15.52811
13.15162
19.60635
11.48021
13.16434
8.977353
10.57423
19.42016
9.983935
18.96607
14.7996
11.09266
8.211856
16.11838
18.03728
18.35687
26.11883
21.17566
13.21129
14.13141
9.378709
10.40231
15.6984
18.17152
10.81735
12.8491
15.31044
19.13289
17.5828
20.87038
10.55165
15.50433
16.37346
27.0003
16.11065
15.64123
23.57883
20.33428
20.90689
23.0548
20.33349
19.88935
12.18384
20.46835
19.78072
21.32759
21.11469
28.00693
20.40488
31.04513
28.80195
29.07391
30.1378
35.69253
31.93592
22.83418
21.37049
24.21655
37.01192
24.28629
21.68929
26.73894
29.27496
40.38743
22.06471
25.60564
38.72166
34.46872
18.65194
9.649665
17.20756
