4.393
6.494512
6.513085
7.300865
7.577412
7.051147
4.672703
4.571937
5.536746
6.373144
6.052827
5.212883
5.3432
7.118541
7.057942
8.013129
7.241681
5.260666
4.995631
5.074956
5.334669
5.515737
6.260696
5.235432
2.865329
2.428795
3.647462
4.225598
3.816535
3.71847
4.167919
3.953435
3.556135
4.969624
4.18794
5.246689
3.912952
2.87653
2.80703
5.109875
3.618692
4.770915
5.086881
4.154333
3.716331
4.449979
4.831318
5.050526
4.830855
5.189918
4.255685
4.379675
5.569486
5.27197
3.498757
4.685629
4.89307
5.108873
3.525571
4.14667
5.152977
5.933458
3.783955
4.412936
4.255518
3.518586
4.759298
5.205751
6.258919
5.38829
3.913672
3.593032
4.316027
4.615911
4.218991
2.621967
3.196833
4.238764
5.214517
5.625011
4.18051
4.483489
2.999968
5.334955
5.060777
5.229905
4.869441
3.374495
5.606434
4.454912
3.275826
3.578654
5.652819
5.260999
4.785908
4.149038
4.758026
4.569751
5.228246
5.73744
5.803654
