[1] 195.6229
[1] 180.2817
[1] 176.8515
[1] 178.0696
[1] 181.7245
[1] 198.2402
[1] 182.1749
[1] 182.0851
[1] 184.4417
[1] 182.3955
[1] 200.4579
[1] 180.7067
[1] 182.5503
[1] 179.5399
[1] 183.3564
[1] 203.9321
[1] 181.9345
[1] 184.4931
[1] 184.919
[1] 185.557
[1] 204.4343
[1] 188.6459
[1] 185.491
[1] 187.1954
[1] 191.3288
[1] 208.9143
[1] 192.3637
[1] 192.6113
[1] 195.5954
[1] 193.7638
[1] 213.2907
[1] 192.7763
[1] 195.2092
[1] 192.4151
[1] 196.759
[1] 219.142
[1] 195.9064
[1] 199.0545
[1] 200.2107
[1] 200.9878
[1] 221.1656
[1] 204.3714
[1] 200.8719
[1] 202.3965
[1] 206.8936
[1] 226.4644
[1] 208.9151
[1] 208.8926
[1] 212.3383
[1] 210.581
[1] 231.3507
[1] 209.0609
[1] 212.0114
[1] 209.3774
[1] 213.6717
[1] 238.1697
[1] 213.3441
[1] 216.7128
[1] 217.9259
[1] 218.7394
[1] 240.3234
[1] 222.4718
[1] 218.9383
[1] 221.17
[1] 226.3374
[1] 247.8583
[1] 228.4372
[1] 227.3704
[1] 230.1454
[1] 227.3522
[1] 249.3813
[1] 214.6697
[1] 215.1201
[1] 202.6812
[1] 200.0537
[1] 197.453
[1] 202.5123
[1] 202.7438
[1] 204.6268
[1] 204.289
[1] 256.9903
[1] 222.9432
[1] 221.5234
[1] 213.2755
[1] 212.9574
[1] 212.1907
[1] 210.7413
[1] 215.077
[1] 217.3337
[1] 211.043
[1] 259.9977
[1] 239.0166
[1] 223.0588
[1] 216.744
[1] 223.7532
[1] 227.8179
[1] 214.8489
[1] 219.2941
[1] 229.3814
[1] 221.8712
[1] 262.0988
[1] 236.3694
[1] 237.6944
[1] 228.0619
[1] 232.9719
[1] 230.4414
[1] 226.7084
[1] 231.0841
[1] 229.1437
[1] 227.7713
[1] 274.2229
[1] 240.7214
[1] 230.4758
[1] 239.5387
[1] 228.8933
[1] 233.0923
[1] 235.2244
[1] 239.5157
[1] 234.9191
[1] 233.6835
[1] 275.6379
[1] 239.9792
[1] 245.2567
[1] 236.7938
[1] 236.8669
[1] 242.7441
[1] 239.9047
[1] 238.8883
[1] 240.795
[1] 239.8104
[1] 272.79
[1] 247.8295
[1] 244.0335
[1] 237.3977
[1] 239.9747
[1] 242.1218
[1] 235.6966
[1] 240.4126
[1] 235.0999
[1] 240.3191
[1] 267.3838
[1] 253.6077
[1] 242.5974
[1] 238.7494
[1] 236.9666
[1] 240.6937
[1] 240.386
[1] 244.525
[1] 235.0051
[1] 239.559
