4.393
6.494512
6.513085
7.300865
7.577412
7.051147
4.672703
4.571937
5.536746
6.373144
6.052827
5.212883
5.3432
7.118541
7.057942
8.013129
7.125468
4.450104
6.394049
7.166136
4.633059
4.973744
5.070516
3.393907
3.827618
2.687055
3.726721
3.727072
3.790168
4.769694
3.458143
2.866701
2.635617
3.724455
4.807765
3.507791
3.437042
4.503041
3.745653
4.137734
3.844504
2.715913
2.545781
4.258768
4.146706
4.414965
6.099984
5.340961
4.803535
4.372826
3.633899
3.853999
4.050723
4.732224
3.889483
3.130039
3.695929
5.073073
5.632092
5.860602
6.193013
5.102804
5.50562
6.934004
4.882936
4.75148
6.107142
5.899867
5.298444
5.408306
6.870629
4.336131
4.757206
5.783407
5.346094
4.468227
4.876334
4.458698
4.093507
5.258625
6.600993
5.402503
5.633333
5.45489
7.170043
6.002451
3.891684
3.294313
6.38507
6.541074
5.752728
6.60776
7.289118
9.352991
6.24843
4.492955
6.047776
7.562178
5.49325
3.389131
4.895949
