[1] 195.6229
[1] 180.2817
[1] 176.8515
[1] 178.0696
[1] 181.7245
[1] 198.2402
[1] 182.1749
[1] 182.0851
[1] 184.4417
[1] 182.3955
[1] 200.4579
[1] 180.7067
[1] 182.5503
[1] 179.5399
[1] 183.3564
[1] 203.9321
[1] 181.9345
[1] 184.4931
[1] 184.919
[1] 185.557
[1] 204.4343
[1] 188.6459
[1] 185.491
[1] 187.1954
[1] 191.3288
[1] 208.9143
[1] 192.3637
[1] 192.6113
[1] 195.5954
[1] 193.7638
[1] 213.2907
[1] 192.7763
[1] 195.2092
[1] 192.4151
[1] 196.759
[1] 219.142
[1] 195.9064
[1] 199.0545
[1] 200.2107
[1] 200.9878
[1] 221.1656
[1] 204.3714
[1] 200.8719
[1] 202.3965
[1] 206.8936
[1] 226.4644
[1] 208.9151
[1] 208.8926
[1] 212.3383
[1] 210.581
[1] 231.3507
[1] 209.0609
[1] 212.0114
[1] 209.3774
[1] 213.6717
[1] 238.1697
[1] 213.3441
[1] 216.7128
[1] 217.9259
[1] 218.7394
[1] 240.3234
[1] 222.4718
[1] 218.9383
[1] 221.17
[1] 226.3374
[1] 247.8583
[1] 228.4372
[1] 227.3704
[1] 230.1454
[1] 227.3522
[1] 254.5658
[1] 220.8932
[1] 211.6587
[1] 210.1568
[1] 207.1684
[1] 210.1316
[1] 201.0563
[1] 202.4984
[1] 212.1639
[1] 208.6706
[1] 260.8757
[1] 230.2232
[1] 223.5265
[1] 221.5118
[1] 218.9448
[1] 214.4389
[1] 217.2088
[1] 224.0661
[1] 221.9497
[1] 226.6089
[1] 263.4813
[1] 236.3952
[1] 234.3894
[1] 232.3127
[1] 235.8622
[1] 239.2069
[1] 230.6483
[1] 232.3397
[1] 232.2773
[1] 239.2334
[1] 271.7407
[1] 253.2597
[1] 245.9935
[1] 246.5365
[1] 249.65
[1] 249.0574
[1] 251.486
[1] 250.1214
[1] 257.7981
[1] 244.8094
[1] 284.5836
[1] 262.0192
[1] 269.534
[1] 262.9677
[1] 264.4973
[1] 271.7678
[1] 266.9331
[1] 271.013
[1] 272.0195
[1] 284.1273
[1] 296.6576
[1] 281.9081
[1] 279.136
[1] 288.6966
[1] 285.761
[1] 282.3352
[1] 295.3897
[1] 295.6674
[1] 290.4902
[1] 291.8179
[1] 298.4045
[1] 296.023
[1] 293.28
[1] 301.443
[1] 306.1574
[1] 294.4793
[1] 303.8452
[1] 309.7751
[1] 307.7725
[1] 306.635
[1] 309.248
[1] 309.5009
[1] 314.6917
[1] 313.495
[1] 306.8449
[1] 318.5214
[1] 324.4365
[1] 319.4192
[1] 315.398
[1] 338.4766
