6.215617
5.922514
6.059463
6.289428
5.982809
6.284521
6.091218
5.972601
5.47348
5.867697
6.63095
6.137218
6.377973
6.162446
5.670494
6.264044
6.302725
6.863079
6.54812
6.45179
6.340781
6.370259
6.221696
6.584344
6.309744
6.466265
6.459379
6.640581
6.703346
7.137587
6.728919
7.069772
6.745674
6.977226
6.919542
6.892608
6.998407
6.743516
6.606733
6.999888
7.399095
7.260046
7.015318
6.66954
7.028936
7.112295
6.831016
6.978873
7.012726
6.937867
7.290051
7.154977
7.614479
7.296627
7.1923
7.011784
7.58822
7.082318
7.186729
7.082328
7.1633
7.553957
7.820538
7.128596
7.226693
7.137022
7.145144
7.921249
7.658886
7.156334
7.387606
7.507201
7.60532
6.75566
7.710258
7.534127
7.634898
7.347145
7.546405
7.857756
7.519161
7.99552
7.934033
8.095614
7.997317
