6.222544
6.156224
6.58143
6.556283
5.973462
6.188918
6.048342
6.380443
6.001727
6.249685
6.494539
6.297416
6.003791
6.521245
6.010384
6.173125
6.79756
6.201466
6.581383
6.287511
6.326551
6.707438
6.357162
6.428027
6.883617
6.378557
6.864225
6.730776
6.995639
7.005073
7.262193
7.143002
7.144238
7.081296
7.302071
6.961714
7.351475
7.393663
7.183411
7.348462
7.262252
7.468618
7.823451
7.746594
7.635506
7.754601
7.567636
8.062104
7.47817
7.767017
8.52756
8.417915
8.460261
8.07459
8.674416
8.175862
8.160698
8.416245
8.624455
8.522405
8.303028
8.721374
8.429617
9.04345
8.92503
9.107282
9.277633
9.085407
9.235424
9.18696
9.005307
9.280435
10.05168
9.317917
9.293822
9.514552
9.907701
9.737332
9.696678
9.868688
10.14619
10.25552
9.081125
9.015401
9.241993
