6.104825
5.898693
6.002014
5.722013
5.537935
5.629058
5.925208
5.842522
5.560325
6.098306
6.352298
5.936707
5.771022
6.061172
5.734283
6.323784
7.05813
5.939303
6.36047
6.22835
6.337738
6.432052
6.089891
6.423846
6.95129
6.220005
6.88306
6.767563
6.874626
6.920291
7.101236
6.954176
6.994616
6.816325
7.641126
6.956376
7.558833
7.264056
7.308094
7.395446
7.408978
7.699857
7.752895
7.884893
7.541635
8.28644
7.744555
8.291683
7.310065
7.956979
8.82255
8.427702
8.700824
8.253353
9.366311
8.285313
8.154732
8.285352
8.94679
8.850783
8.492141
8.754167
8.544675
9.131303
9.317302
8.923247
9.206074
9.175093
9.660723
9.20425
9.259436
9.656913
9.883704
9.492691
9.55681
9.782942
10.08321
10.16687
9.965928
9.916253
10.48522
10.77082
9.021079
9.053257
9.849779
