6.142744
5.663573
5.564432
5.80529
5.564249
6.145616
5.724059
5.975781
5.279671
5.684655
6.320885
5.879566
6.172134
5.981372
5.583505
6.039601
6.133519
6.679558
6.349447
6.313943
6.130001
6.162569
6.31715
6.595183
6.296575
6.774345
6.339193
6.53543
6.59651
7.245275
6.781459
7.000601
6.7672
6.932025
6.886374
6.799773
6.857738
6.6096
6.750026
7.148701
7.455707
7.569021
7.016615
6.650325
7.283596
7.386359
7.21906
7.200958
7.342372
7.241403
7.57911
7.387103
7.931391
7.675938
7.333954
7.084251
8.046122
7.281183
7.604034
6.928521
7.588773
7.795756
8.100939
7.452231
7.660567
7.672966
7.466474
8.714877
8.27898
7.464882
7.765939
7.824761
8.041571
6.837215
8.137902
8.036909
7.602568
7.900717
7.824247
8.099632
7.914594
8.443008
8.549302
8.198343
8.022678
