2.540677
2.189053
2.013965
2.141945
2.028602
2.316831
1.936909
2.184311
2.122423
2.077022
2.192305
1.943648
2.271599
2.023934
2.022764
2.17884
2.048018
2.438621
2.314578
2.617432
2.321766
2.568103
2.655731
2.477653
2.364916
2.313713
2.278271
2.491457
2.247664
2.563704
2.538756
2.462582
2.455103
2.824199
2.524934
2.720819
2.458663
2.348576
2.557209
2.485252
2.667651
3.310906
2.587346
2.421831
2.512537
2.940611
2.951374
2.819174
2.866226
2.834785
2.871303
2.664349
2.796042
3.071253
2.942682
2.868703
3.022376
2.785874
2.880308
2.552715
2.949629
3.209884
3.053522
3.103908
3.093052
3.028467
3.043555
3.370606
3.272133
2.892721
3.245591
3.270532
3.010341
2.919463
3.466265
3.153114
2.962336
2.95851
3.029076
3.138636
3.040176
3.136592
3.735328
3.115955
3.061352
