14.83617
13.70923
13.58548
14.17115
13.51474
14.67662
13.69161
14.0622
12.81304
13.5581
15.07237
13.8908
14.75572
14.09806
13.2144
14.41239
14.41952
15.9105
15.14057
15.31108
14.7221
15.02747
15.12074
15.59076
14.90296
15.48073
15.00622
15.5994
15.4735
16.87531
15.96729
16.4565
15.88877
16.65724
16.25165
16.33299
16.23942
15.62934
15.83863
16.55385
17.43507
18.0602
16.54562
15.66207
16.74859
17.36141
16.92755
16.91464
17.13983
16.93525
17.6639
17.12712
18.25625
17.95362
17.38346
16.88529
18.57721
17.06919
17.591
16.4872
17.61989
18.47863
18.89116
17.60549
17.89773
17.74829
17.57558
19.92324
19.11699
17.43037
18.31435
18.52335
18.57396
16.42798
19.22058
18.63525
18.11419
18.12086
18.31205
19.01518
18.38747
19.48564
20.12971
19.32639
18.99639
