14.63307
14.00265
14.61018
14.08321
13.36775
13.6767
14.03715
14.09854
13.4158
14.40127
14.83497
14.221
13.55857
14.57816
13.77407
14.63297
16.42938
14.11472
15.04469
14.75577
14.71172
15.34777
14.67237
14.90053
16.31071
14.90131
16.11625
15.63732
16.15026
16.37797
16.83941
16.39059
16.53735
16.37191
17.7014
16.45495
17.40973
17.08063
17.055
17.46025
17.51964
18.20613
18.33729
18.36529
18.19648
19.11199
18.37309
19.36498
17.71516
18.69398
20.73261
20.10466
20.46896
19.10312
21.97875
19.73946
19.39428
19.66879
21.10999
20.91102
20.02215
20.70757
20.46798
22.06577
21.76305
21.56619
22.31617
21.85752
22.82972
22.2978
22.32059
22.5626
23.59749
22.65214
22.98574
23.6802
24.60049
24.12087
23.93941
24.10984
25.10872
25.87416
22.31286
22.43655
23.86123
