15.07805
14.4223
15.02678
14.49889
13.8428
14.12205
14.51017
14.52843
13.87406
14.92819
15.31111
14.69372
14.0057
14.99496
14.21244
15.09361
16.92341
14.61361
15.4946
15.22263
15.19272
15.81062
15.1259
15.36049
16.76081
15.34535
16.68495
16.15559
16.64125
16.85867
17.27406
16.9701
17.0406
16.87804
18.21371
16.92844
17.85471
17.58784
17.58691
17.98941
18.00878
18.67877
18.829
18.91347
18.69115
19.64148
18.85365
19.91361
18.21021
19.10699
21.30678
20.62396
20.95341
19.65519
22.65137
20.27824
19.96426
20.17396
21.66151
21.50521
20.52873
21.2202
21.03559
22.6356
22.30582
22.09442
22.85634
22.35425
23.42024
22.86935
22.86223
23.12167
24.12629
23.27444
23.53791
24.3204
25.13925
24.66344
24.535
24.7173
25.64989
26.46897
22.87952
23.06588
24.42906
