15.33428
14.14544
14.03657
14.59653
13.9398
15.1336
14.06253
14.53781
13.24225
14.0364
15.47371
14.37529
15.24248
14.55268
13.6016
14.87466
14.89235
16.43812
15.59282
15.78329
15.17372
15.4842
15.57619
16.08685
15.30722
15.96174
15.45353
16.0631
15.98699
17.38596
16.46875
16.9175
16.37112
17.10716
16.72068
16.81222
16.73701
16.1127
16.29585
17.05955
17.95195
18.58706
17.02595
16.16099
17.23809
17.90105
17.47234
17.428
17.67247
17.44907
18.1829
17.63474
18.76816
18.47272
17.86518
17.39979
19.12795
17.58884
18.11059
16.95923
18.14319
18.9944
19.47511
18.10671
18.43419
18.29409
18.13419
20.46175
19.68259
17.98319
18.79094
19.07476
19.06485
16.93615
19.72766
19.20151
18.59479
18.68028
18.8379
19.54796
18.93162
20.06064
20.66206
19.83059
19.54003
