-145.8797 64.3289 1 6
-145.9426 64.3078 2 6
-145.893 64.3248 3 6
-145.5787 64.363 4 6
-121.94 40.52 5 25
-119.27 37.02 6 25
-119.18 37.03 7 25
-155.24083 19.41694 8 0
-155.1991 19.4812 9 0
-155.289 19.93 10 0
-155.6956 20.1307 11 0
-156.872 21.0987 12 0
-159.6392 22.1394 13 0
-156.62 20.93 14 0
-155.6956 20.1307 15 0
-155.6956 20.1307 16 0
-155.6956 20.1307 17 0
-155.6956 20.1307 18 0
-155.6956 20.1307 19 0
-155.6956 20.1307 20 0
-155.6956 20.1307 21 0
10.95 51.52 22 25
11.09 51.4 23 25
-84.016 10.42 24 0
8.9 48.08 25 25
8.74 47.91 26 25
11.22 48.11 27 25
11.79 49.99 28 25
10.61 47.99 29 25
11.148 50.48 30 25
7.03 51.29 31 25
40.43 51.01 32 25
40.43 51.01 33 25
40.43 51.01 34 25
-145.7406306 63.89046228 35 18
-145.7406306 63.89046228 36 18
-145.7406306 63.89046228 37 18
-145.7406306 63.89046228 38 18
-145.7406306 63.89046228 39 18
-145.7406306 63.89046228 40 18
-145.7406306 63.89046228 41 18
-145.7406306 63.89046228 42 18
-145.7191573 63.84856558 43 18
-145.7191573 63.84856558 44 18
-145.7191573 63.84856558 45 18
-145.3721922 63.91924571 46 18
-144.951167 63.81213 47 10
-95.64668548 41.16676685 48 25
-95.28074352 41.70897193 49 25
-95.28074352 41.70897193 50 25
-95.28003245 41.70925624 51 25
-95.28003245 41.70925624 52 25
-95.2797263 41.70977568 53 25
-95.2797263 41.70977568 54 25
-95.2797263 41.70977568 55 25
-95.64570233 41.16751 56 25
-95.64570233 41.16751 57 25
-95.64592232 41.16675738 58 25
-95.644757 41.16534307 59 25
-95.644757 41.16534307 60 25
-95.64329535 41.16574593 61 25
-95.64329535 41.16574593 62 25
-95.64329535 41.16574593 63 25
-89.86944881 34.23765141 64 25
-89.86944881 34.23765141 65 25
-89.83964251 34.26374941 66 25
-89.83964251 34.26374941 67 25
-89.83964251 34.26374941 68 25
-89.9588571 34.56445292 69 25
-89.9588571 34.56445292 70 25
-89.95800512 34.56408598 71 25
-89.95800512 34.56408598 72 25
-89.95800512 34.56408598 73 25
-72.18 42.54 74 25
-117.219 33.37 75 25
-119.721 37.36 76 25
-119.27 37.2 77 25
-119.18 37.03 78 25
-119.18 37.03 79 25
-1.0 -1.0 80 0
-119.41 37.5 81 25
-117.219 33.37 82 25
-119.721 37.36 83 25
-119.27 37.2 84 25
-119.18 37.03 85 25
-1.0 -1.0 86 0
-119.41 37.5 87 25
-119.27 37.2 88 25
-119.18 37.03 89 25
-119.41 37.5 90 25
-117.219 33.37 91 25
-119.721 37.36 92 25
-119.27 37.2 93 25
-119.18 37.03 94 25
-119.41 37.5 95 25
-119.27 37.2 96 25
-119.27 37.2 97 25
-68.67 76.51 98 21
-41.52 -2.98 99 0
-41.53 -2.96 100 0
-41.56 -2.95 101 0
-124.35 40.3 102 25
-124.35 40.3 103 25
-124.35 40.3 104 25
-124.35 40.3 105 25
-124.35 40.3 106 25
-124.35 40.3 107 25
-124.35 40.3 108 25
55.36 -21.078 109 0
74.65 69.72 110 5
173.57 -35.65 111 0
175.95 -38.583 112 0
176.38 -38.28 113 0
174.3 -39.62 114 0
174.95 -41.11 115 0
170.97 -42.72 116 0
169.22 -45.45 117 0
169.42 -45.4 118 0
-120.46 37.5138 119 25
-120.59 37.52 120 25
-120.59 37.52 121 25
-120.369 37.4644 122 25
-120.59 37.63 123 25
174.95 -41.11 124 0
-60.1091 -2.55 125 0
-60.1091 -2.55 126 0
-54.9707 -3.017 127 0
-54.9707 -3.017 128 0
-97.7087 55.9055 129 19
-97.7098 55.906 130 19
-98.28686 55.8952 131 19
-156.255278 20.805833 132 0
-156.252917 20.807361 133 0
-156.25 20.808333 134 0
-156.247083 20.813194 135 0
-156.240278 20.813194 136 0
-156.229722 20.815139 137 0
-155.73 20.078 138 0
-109.28 31.8875 139 25
-110.735278 32.418889 140 25
-111.740833 35.159444 141 25
-111.609722 35.084444 142 25
-148.92488 65.56758 143 6
-148.92261 65.56872 144 6
-149.48595 65.78797 145 6
-98.5 55.7 146 19
-98.75 55.7 147 19
-98.75 55.7 148 19
-98.25 55.7 149 19
-98.25 55.7 150 19
-98.5 55.7 151 19
-99 56 152 19
-100 56.6 153 19
-156.6384 65.19703 154 5
-147.16 65.09 155 6
-122.8025 46.46 156 25
-122.774 46.4459 157 25
-122.6545 46.5071 158 25
-122.6468 46.5131 159 25
-122.6514 46.5137 160 25
-122.7093 46.4969 161 25
-122.774 46.4459 162 25
-122.6197 46.5319 163 25
-122.6586 46.5186 164 25
-122.7003 46.5208 165 25
-122.7896 46.5428 166 25
89.82 61.0333 167 20
89.7712 61.0312 168 20
89.7874 61.0291 169 20
-68.8333 76.5333 170 21
89.4167 60.75 171 4
89.149 60.7284 172 4
89.3992 60.7551 173 4
89.4387 60.7447 174 4
15.6888 78.2212 175 24
15.6888 78.2212 176 24
15.6888 78.2212 177 24
30.02 -23.06 178 0
30.5 -23.1 179 0
30.8 -23.12 180 0
30.11 -23.11 181 0
30.13 -23.15 182 0
30.15 -23.2 183 0
31.4408 -25.0017 184 0
31.4408 -25.0017 185 0
31.4408 -25.0017 186 0
31.2314 -25.1503 187 0
31.2114 -25.1503 188 0
31.45 -25.001 189 0
31.45 -25.001 190 0
31.46 -25.001 191 0
30.821 -23.23 192 0
31.2314 -25.1403 193 0
-1 -1 194 0
-1 -1 195 0
-60.2091 -2.609 196 0
-147.17 65.09 197 6
-147.17 65.1 198 6
-147.18 65.1 199 6
-120.635833 38.8971666 200 25
-120.635833 38.8971666 201 25
-117.475 35.01 202 25
6.65883946 46.58329499 203 25
7.76106965 46.7008633 204 25
10.22915021 46.662354 205 18
6.28631892 46.22904206 206 20
8.71251925 47.04791982 207 25
-51.05 -0.233333 208 0
-51.18 -0.9 209 0
-54.9 -2.5 210 0
-54.9 -2.5 211 0
-60.9 3.5 212 0
-60.9 3.5 213 0
-47.4 -7.15 214 0
-47.4 -7.15 215 0
140.56 40 216 25
84.7138 45.5598 217 25
84.6843 45.4846 218 25
71.288 44.0647 219 25
72.1715 42.5377 220 25
92.2 38.7441 221 25
-69.901 -4.007 222 0
-69.906 -4.007 223 0
112.5108 23.1558 224 0
112.535 23.17 225 0
112.5614 23.1917 226 0
42.2511 44.6381 227 25
42.2511 44.6381 228 25
42.2511 44.6381 229 25
112.53 23.17 230 0
112.53 23.17 231 0
-106.29537 40.03267 232 20
-106.29676 40.03349 233 20
-106.37045 40.10889 234 20
-106.37242 40.08686 235 20
-51.37 -23.32 236 0
-51.37 -23.32 237 0
-47.02 -22.67 238 0
-47.02 -22.67 239 0
-47.67 -22.68 240 0
-47.67 -22.68 241 0
-48 -23 242 0
-48 -23 243 0
-52.88 -3.5 244 0
-63.03 -7.52 245 0
-63.03 -7.52 246 0
11.85 50.1 247 25
10.461 49.872 248 25
-77.6903 0.5967 249 0
-77.6903 0.5967 250 0
-77.6933 0.5947 251 0
-77.6933 0.5947 252 0
-77.6931 0.5947 253 0
-77.6931 0.5947 254 0
-77.8758 0.6586 255 0
-77.8758 0.6586 256 0
-77.8767 0.6586 257 0
-77.8767 0.6586 258 0
-98.8656 19.6989 259 0
-98.8678 19.6918 260 0
-98.8672 19.6997 261 0
-98.8705 19.6922 262 0
-98.8407 19.6585 263 0
-98.847 19.6554 264 0
-98.8223 19.7464 265 0
-98.8725 19.682 266 0
-98.8507 19.6676 267 0
-98.867 19.6737 268 0
-98.8805 19.669 269 0
-98.8178 19.6783 270 0
-98.8472 19.6728 271 0
-98.8447 19.6658 272 0
-98.7968 19.6779 273 0
-98.8078 19.6943 274 0
-98.8001 19.7043 275 0
-98.7628 19.6925 276 0
102 29.5 277 25
102 29.5 278 25
102 29.5 279 25
102 29.5 280 25
102 29.5 281 25
-1 -1 282 0
-1 -1 283 0
20.93 77.58 284 24
21.02 77.45 285 24
18 78 286 21
16.5 78.7 287 21
13.35 79.53 288 17
42.57 66.42 289 8
42.57 66.42 290 8
42.57 66.42 291 8
42.92 64.6 292 25
43.18 65.28 293 25
43 65 294 25
45.56 65.05 295 25
-51.17 -23.3 296 0
-47.63 -22.72 297 0
-52.97 -3.5 298 0
174.9 -41.2 299 0
174.9 -41.2 300 0
-60.12 -12.7 301 0
-61.17 -11.82 302 0
-61.25 -11.77 303 0
-62.82 -10.17 304 0
-63.03 -7.52 305 0
-63.03 -7.52 306 0
-63.03 -7.52 307 0
-63.03 -7.52 308 0
-63.03 -7.52 309 0
7.4 51.6 310 25
8.4 49.2 311 25
8.4 49.2 312 25
8.5 49.2 313 25
5.87 51.27 314 25
5.87 51.27 315 25
5.87 51.27 316 25
5.87 51.27 317 25
-2.451 54.684 318 25
-2.451 54.684 319 25
-2.451 54.684 320 25
0.124819 46.420253 321 25
-63.97 -8.73 322 0
-63.07 -7.65 323 0
-102.0847 35.1719 324 25
-103.2931 39.9442 325 25
-102.54 36.0831 326 25
-96.4497 47.9317 327 25
-94.2998 44.7222 328 25
-93.6556 41.1994 329 25
-100.9953 46.745 330 25
-99.2792 46.9542 331 25
-91.995 38.9481 332 25
-104.68 47.6953 333 25
-97.0619 40.8944 334 25
-96.2221 48.6392 335 25
10.461 49.872 336 25
11.85 50.1 337 25
10.461 49.872 338 25
11.85 50.1 339 25
7.08 48.67 340 25
10.37 51.33 341 25
13.48 50.93 342 25
13.48 50.93 343 25
13.48 50.93 344 25
13.48 50.93 345 25
150.6 -26.72 346 0
150.52 -27.45 347 0
153.2 -28.17 348 0
10.75 46.35 349 18
10.75 46.4 350 18
10.75 46.35 351 18
10.75 46.4 352 18
102.35 19.85 353 0
102.35 19.85 354 0
102.35 19.85 355 0
102.35 19.85 356 0
102.35 19.85 357 0
102.35 19.85 358 0
-2.85 54.22 359 25
-2.85 54.22 360 25
-2.85 54.22 361 25
-2.85 54.22 362 25
-2.85 54.22 363 25
-2.85 54.22 364 25
-2.85 54.22 365 25
-2.85 54.22 366 25
-2.85 54.22 367 25
-2.85 54.22 368 25
-2.85 54.22 369 25
-2.85 54.22 370 25
-2.58 5.26 371 0
-2.58 5.26 372 0
-2.58 5.26 373 0
4.5206 51.3092 374 25
4.5206 51.3092 375 25
4.5206 51.3092 376 25
4.5206 51.3092 377 25
4.5206 51.3092 378 25
4.5206 51.3092 379 25
7.92 46.25 380 18
7.92 46.25 381 18
7.92 46.25 382 18
7.92 46.25 383 18
7.92 46.25 384 18
7.92 46.25 385 18
13.2028 48.3597 386 25
13.2028 48.3597 387 25
13.2028 48.3597 388 25
13.2028 48.3597 389 25
13.2028 48.3597 390 25
13.2028 48.3597 391 25
13.2028 48.3597 392 25
11.97 51.48 393 25
-50.225 -29.49 394 0
-50.203 -29.49 395 0
-50.21 -29.487 396 0
-50.22 -29.48 397 0
-50.206 -29.49 398 0
-50.197 -29.487 399 0
-50.17 -29.48 400 0
11.6 43.7 401 25
11.6 43.7 402 25
11.6 43.7 403 25
-2.451 54.684 404 25
-2.451 54.684 405 25
-2.451 54.684 406 25
-2.451 54.684 407 25
-2.451 54.684 408 25
-2.451 54.684 409 25
-2.451 54.684 410 25
-2.451 54.684 411 25
-2.451 54.684 412 25
-2.451 54.684 413 25
-2.451 54.684 414 25
-2.451 54.684 415 25
-2.451 54.684 416 25
138.21 36.52 417 25
138.35 36.52 418 25
136.97 35.15 419 25
136.97 35.15 420 25
136.97 35.15 421 25
137.42 36.13 422 25
143.57 -23.13 423 0
143.57 -23.13 424 0
143.57 -23.13 425 0
143.57 -23.13 426 0
11.9531 -4.7156 427 0
-92.7 42.1 428 25
-119.2 37 429 25
-117 34.8 430 25
-121.8 37 431 25
-121.8 37 432 25
-121.8 37 433 25
-110.0003 31.6809 434 25
-110.0003 31.6809 435 25
-110.0003 31.6809 436 25
-110.0003 31.6809 437 25
-110.0003 31.6809 438 25
-110.0003 31.6809 439 25
-110.0003 31.6809 440 25
-110.0003 31.6809 441 25
-110.0003 31.6809 442 25
-72.748597 41.2649 443 25
-38.5197 -12.9692 444 0
-38.95 -12.6 445 0
-38.5197 -12.9692 446 0
-38.95 -12.6 447 0
-38.5197 -12.9692 448 0
-38.95 -12.6 449 0
11.87 50.13 450 25
11.87 50.13 451 25
11.87 50.13 452 25
11.87 50.13 453 25
11.87 50.13 454 25
11.87 50.13 455 25
11.87 50.13 456 25
11.87 50.13 457 25
11.87 50.13 458 25
11.87 50.13 459 25
11.87 50.13 460 25
11.87 50.13 461 25
10.15 53.72 462 25
9.7 52.28 463 25
34.78 31.68 464 25
35.25 32.9 465 25
78.28 17.58 466 0
-3.42 57.42 467 25
-3.42 57.42 468 25
-3.42 57.42 469 25
-3.42 57.42 470 25
-3.42 57.42 471 25
112.53 23.17 472 0
140.8 -37.3 473 0
150.6 -26.72 474 0
10.75 46.35 475 18
10.75 46.35 476 18
10.75 46.35 477 18
10.75 46.35 478 18
10.75 46.35 479 18
10.75 46.4 480 18
10.75 46.4 481 18
10.75 46.4 482 18
10.75 46.4 483 18
10.75 46.4 484 18
10.75 46.4 485 18
10.75 46.4 486 18
10.75 46.35 487 18
10.75 46.35 488 18
78.27 17.53 489 0
121.3161 13.9536 490 0
121.22 14.17 491 0
123.0836 11.3524 492 0
-0.77 44.7 493 25
-0.5772 44.6428 494 25
1.17 48.33 495 25
1.17 48.33 496 25
1.17 48.33 497 25
1.17 48.33 498 25
-72.68 43.68 499 25
170.25 -45.73 500 0
170.25 -45.73 501 0
2.05 48.87 502 25
74.73889 13.94694 503 0
38.5 -3 504 0
137.57 35.22 505 25
137.57 35.22 506 25
137.57 35.22 507 25
137.57 35.22 508 25
76.5992 11.2989 509 0
76.5806 11.4158 510 0
-95.3 44.23 511 25
-89.35 43.3 512 25
-84.12 43.38 513 25
-85.5 42.3 514 25
-85.5 42.3 515 25
-84 41 516 25
-83.5 39.8 517 25
-75.72 40.55 518 25
-95.3 44.23 519 25
-89.35 43.3 520 25
-84.12 43.38 521 25
-85.5 42.3 522 25
-84 41 523 25
-83.5 39.8 524 25
-75.72 40.55 525 25
-85.5 42.3 526 25
76.6219 11.2172 527 0
76.8233 11.4153 528 0
76.6225 11.4558 529 0
-106.6 52.6 530 25
-106.6 52.6 531 25
-104.4 51.4 532 25
-104.4 51.4 533 25
-103.2 40.2 534 25
-103.2 40.2 535 25
-103.2 40.2 536 25
-103.2 40.2 537 25
-103.2 40.2 538 25
-103.2 40.2 539 25
-103.2 40.2 540 25
-103.2 40.6 541 25
-106.6 52.6 542 25
-103 41.1 543 25
-100.9 46.8 544 25
-100.9 46.8 545 25
-100.9 46.8 546 25
-99.3 38.9 547 25
-102.5 36.1 548 25
-102.5 36.1 549 25
-112.1 33.1 550 25
-112.1 33.1 551 25
13.73 4.33 552 0
13.73 4.33 553 0
92.57 24.68 554 0
92.57 24.68 555 0
-110.6278 31.7528 556 25
-47.15 -1.73 557 0
8.4 49.2 558 25
8.4 49.2 559 25
8.5 49.2 560 25
-79.0658 43.8117 561 25
-77.4 46 562 25
-77.4 46 563 25
7.92 46.25 564 18
7.92 46.25 565 18
-58.25 -31.43 566 0
23.17 43.2 567 25
24.22 43.45 568 25
24.18 43.48 569 25
24.58 43.37 570 25
24.29 43.53 571 25
26.97 42.6 572 25
25.73 42.27 573 25
25.67 42.17 574 25
25.83 41.78 575 25
8.43 40.57 576 25
8.8 40.67 577 25
8.36 40.1 578 24
8.55 39.3 579 25
8.41 39.38 580 24
8.38 39.78 581 24
13.13 37.81 582 25
13.12 37.82 583 25
13.12 37.82 584 25
13.12 37.82 585 25
7.63 51.85 586 25
8.58 48.23 587 25
8.58 48.23 588 25
8.58 48.23 589 25
-5.97 37.48 590 25
-5.46 37.37 591 25
-5.92 37.16 592 25
-5.55 37.27 593 25
-5.63 37.47 594 25
-7.86 38.02 595 25
-8 39.5 596 25
-8 39.5 597 25
-7.86 38.02 598 25
-8.17 37.92 599 25
-9.14 38.71 600 25
141.13 -36.36 601 0
141.33 -36.36 602 0
141.24 -36.38 603 0
141.24 -36.38 604 0
11.49 47.78 605 25
176.23 -38.28 606 0
174.95 -41.12 607 0
170.98 -42.72 608 0
169.22 -45.45 609 0
169.42 -45.4 610 0
10.452222 51.079444 611 25
10.452222 51.079444 612 25
-83.45 10.16 613 0
-83.45 10.16 614 0
-83.45 10.16 615 0
-83.45 10.16 616 0
-98.16324 55.462964 617 19
-98.152992 55.465081 618 19
-98.152226 55.65639 619 19
-98.148935 55.468831 620 19
-98.148461 55.469286 621 19
-98.161198 55.465207 622 19
-98.163351 55.422754 623 19
-98.162874 55.46252 624 19
-98.158373 55.46264 625 19
-98.158278 55.462864 626 19
-98.158108 55.462383 627 19
-98.155397 55.464371 628 19
-98.154649 55.464459 629 19
-98.155666 55.464724 630 19
-98.148415 55.469953 631 19
-98.160471 55.465466 632 19
62.9258348 67.0434882 633 5
62.9264199 67.0592478 634 5
62.9404036 67.0567902 635 5
62.943157 67.0564839 636 5
62.9270341 67.0609369 637 5
125.1333333 69.38333333 638 5
19.05 68.35 639 18
-93.81666667 57.38333333 640 6
-93.8 57.83333333 641 5
-107.8166667 54.68333333 642 25
-148.3334333 64.57413333 643 10
-157.73 63.57 644 6
-157.73 63.57 645 6
-157.73 63.57 646 6
-157.73 63.57 647 6
-157.73 63.57 648 6
-157.73 63.57 649 6
-157.73 63.57 650 6
-157.73 63.57 651 6
-157.73 63.57 652 6
57.33333333 65.67 653 22
27.16666667 69.81666667 654 7
27.16666667 69.81666667 655 7
27.16666667 69.81666667 656 7
62.14 67.27 657 6
57.33333333 65.67 658 22
27.16666667 69.81666667 659 7
-121.4 61.8 660 10
62.95 67.05 661 5
-101.55 60.83 662 17
-104.2 59.88 663 18
-97.67 75.67 664 24
-133.42 68.32 665 1
-133.42 68.32 666 1
-127.01 65.21 667 6
-127.01 65.21 668 6
-133.42 68.32 669 1
-113.5 68.57 670 13
-127.01 65.21 671 6
-127.01 65.21 672 6
-133.0166667 69.43333333 673 1
-133.42 68.31694444 674 1
-134.18 69.12 675 1
-105.5791667 64.71333333 676 17
-133.25 69.28833333 677 1
-104.8346667 66.45116667 678 17
-132.6716667 69.49333333 679 1
