6.917638
6.657459
6.897129
8.044959
7.40395
7.575234
8.352983
7.313693
5.692986
6.399001
8.363907
7.161612
7.384403
7.41248
6.502621
7.24576
7.445313
8.194506
7.545579
8.170058
7.084413
7.070031
6.986555
7.612288
7.528295
7.924959
7.649225
7.944468
8.17488
9.032578
7.731205
8.109173
7.80214
7.90409
7.949394
8.262016
8.491845
8.153315
7.620069
8.313997
9.134998
8.086652
8.324095
7.27985
8.4474
8.561287
7.318578
8.331197
7.844308
7.87742
8.626796
8.805542
8.907933
8.327093
7.60264
7.654546
8.982256
8.003375
7.973048
8.058261
7.672254
8.916759
9.567399
8.394376
7.977588
7.996642
7.916288
9.424725
9.244732
8.142876
8.7851
8.528853
8.984617
7.427147
8.998063
8.623845
9.100289
8.288568
8.373717
9.260449
8.773534
9.546186
9.359169
9.516836
9.398775
