7.013604
7.145845
8.822263
8.472671
6.560752
7.790801
7.373431
7.620868
6.75701
7.288808
7.583869
7.151645
6.954065
8.154363
7.171628
6.994351
8.231938
6.647251
7.770868
6.889073
7.14345
8.774493
6.889389
7.562464
7.75256
6.961087
7.644865
7.836051
7.789622
7.923097
9.026986
8.352195
7.883933
7.95524
8.040196
7.531926
8.393488
8.686682
7.759046
7.918298
7.98619
9.109463
9.438937
9.457213
8.451749
8.879378
8.822928
10.23816
8.339619
9.246846
9.972619
9.950317
9.857514
10.19858
10.23882
8.997428
8.806157
9.952909
9.62344
9.728951
9.379015
10.46988
9.682228
10.71192
11.13535
10.94398
10.83673
11.73542
11.05372
10.38859
9.863769
10.55122
13.35434
11.2879
11.04791
11.11118
12.13986
13.02357
10.63989
11.127
13.16463
12.65913
10.05479
9.398125
10.45597
