4.30714
4.372833
2.507567
3.473996
4.788544
3.855313
4.999823
4.8318
4.760685
5.153367
4.817531
4.87666
4.491684
4.816968
5.262006
5.465456
5.576948
5.32955
4.725771
5.1373
4.838284
4.67795
5.867523
5.487801
6.067852
6.0385
5.61025
5.480821
6.308992
5.894849
5.793256
5.228995
5.240032
5.542797
6.512932
5.5761
6.172224
5.801062
6.464785
5.969512
5.984496
5.546891
4.723241
5.552622
5.305181
5.743971
5.887842
5.508074
6.219816
5.738424
7.144422
5.754063
6.994857
6.620346
6.736252
7.038442
6.486958
5.221077
7.032625
6.038858
6.422954
5.898855
6.889555
7.435833
6.218572
5.534714
6.54376
6.77004
6.805279
7.602904
7.24102
7.624889
5.171189
6.987177
6.338694
6.517788
7.081798
5.877901
6.991424
7.011346
6.746064
6.43133
6.680073
6.705116
7.650236
