4.360287
4.53772
4.071555
4.045049
4.759617
4.722125
4.526707
4.784732
5.364274
5.076256
4.615675
4.646614
5.09457
5.45946
4.601805
4.638716
4.881255
4.142023
5.149371
4.471946
4.809775
5.039703
5.174459
4.571384
5.926545
4.707943
4.708216
5.677304
5.140086
5.851448
5.067299
5.232298
5.094652
5.62633
5.604239
5.704296
5.753399
5.247645
6.166765
5.933104
4.916347
6.438005
5.692469
5.435683
5.438801
5.5255
6.149566
5.705838
5.843685
6.038244
5.927024
4.756355
6.168887
5.945881
6.08825
6.263358
6.850587
5.81176
6.350115
5.408845
6.529967
6.13527
5.637152
6.855041
7.128016
6.196909
6.278632
6.869567
6.40603
6.004598
6.010368
6.410646
5.684313
5.301745
6.947565
6.447632
6.813214
6.204928
6.485274
6.42067
5.463303
6.625144
6.167202
5.554215
5.756626
