12.8483
11.43864
12.27258
12.68415
12.77874
13.34099
13.33279
12.95662
11.69846
12.74072
14.0891
12.79468
13.73338
13.58398
12.14652
13.21658
13.43962
14.18758
13.88557
14.44625
13.51732
13.995
13.99798
13.95524
14.32276
14.01395
13.8836
15.12369
14.74519
15.86995
14.49489
14.8775
14.46969
15.42061
15.16361
15.76799
15.52572
14.70482
14.94144
15.61038
16.03248
16.7721
15.72109
14.19775
15.77062
16.36932
15.70276
15.9781
15.92787
15.58717
16.50143
15.53838
16.84326
16.54096
15.93876
15.68785
18.03126
15.78054
16.3952
15.49658
16.5648
17.61277
17.42572
17.18031
16.86208
16.4344
16.40981
18.74529
17.84757
16.06497
17.02601
17.39528
16.57646
15.03445
18.61291
17.07943
17.15761
16.55831
17.17785
18.25242
16.56274
18.25235
18.41408
17.70352
17.46959
