12.79427
12.66239
12.23961
12.5148
12.06085
12.60635
12.99609
13.13284
12.08314
13.79753
13.64823
13.19787
12.36259
14.17384
13.39897
13.66437
15.54511
12.88612
13.83886
13.18926
13.20904
14.60737
13.44084
13.88821
15.32433
14.17199
14.69436
14.00572
14.91721
15.23628
16.23137
14.93757
14.73287
15.09045
16.17092
14.85914
16.33881
15.55152
15.81513
16.02772
15.99088
16.83516
16.42169
16.93458
16.15956
17.08843
16.64047
18.08138
16.93435
17.14506
19.71613
18.19817
19.26207
18.45314
19.99727
18.6295
17.80509
17.43867
19.36013
18.82617
18.31215
19.11354
19.14868
20.99414
20.15331
19.41321
20.59176
21.31354
21.08808
21.19492
20.47901
21.05888
21.80926
21.45404
20.83105
21.63964
22.97341
22.78023
21.61789
21.98603
23.90541
23.38269
20.2824
20.08747
22.2173
