18.48871
18.97363
26.97312
28.46477
17.53851
21.01964
20.33663
22.86241
14.87014
17.61513
19.32323
14.0702
16.86484
22.13065
15.85494
14.11549
21.72082
13.41827
15.20309
10.92674
12.64161
21.49143
12.4719
21.45214
16.14532
12.2101
9.812896
19.41333
20.76724
21.20916
29.46631
24.41915
15.60481
16.5436
11.46559
12.61415
18.25651
21.05569
13.26542
15.3587
18.86597
21.62914
21.3379
24.44489
14.08111
19.36494
18.83335
31.10182
18.46455
19.03319
26.57502
23.68206
23.70458
25.93351
24.03467
22.38809
14.49414
24.73821
23.04686
26.21122
24.90474
33.07145
23.77762
35.15826
33.68311
34.003
34.48231
39.78193
36.62847
25.83857
25.21599
27.40536
43.05473
27.39641
26.05546
31.55445
33.69668
46.53027
26.22238
30.53083
44.50825
40.5994
22.87122
12.84892
20.78689
