16.41016
12.8215
16.96759
18.66238
19.20302
17.3454
26.80883
21.83106
5.806709
14.55342
21.61593
18.6124
15.82602
20.45917
13.99891
14.71726
16.96314
22.84552
17.23226
17.91632
12.37041
10.39655
8.006769
15.33142
15.3047
18.25638
20.59232
18.52582
22.86613
23.35865
17.71843
17.74812
19.89541
21.34899
21.79281
19.79619
22.96414
22.44077
18.08807
21.91113
23.93794
18.79138
21.68417
11.3094
18.4738
18.13933
12.64298
20.59329
15.13405
13.17943
22.55346
17.59661
22.65361
22.96207
15.42631
19.69981
22.17287
18.29416
16.71518
19.03644
14.17809
22.57215
20.19883
23.75357
15.20976
17.7402
14.60557
20.46752
18.32355
13.86956
16.37442
15.64693
18.95168
11.05755
22.72783
19.46034
25.76667
17.9982
16.51095
21.87964
19.09865
20.72845
19.30273
25.92333
19.55295
