28.75816
29.50678
36.62116
37.82789
29.25465
32.03196
33.03694
34.17734
25.75517
30.80559
31.6161
26.78456
28.05859
34.59344
29.56524
28.06244
36.34166
25.93704
28.49532
24.04682
25.6214
35.0884
24.98864
34.20131
31.42743
26.31952
24.77396
32.1627
34.57192
35.11187
43.28146
38.04571
30.15459
30.91453
27.49358
27.24797
33.46358
35.67532
28.32482
30.76015
33.24185
37.74263
36.33301
39.7103
29.17731
35.07589
35.16593
46.8424
34.25701
34.68123
44.81325
40.89081
41.79299
42.65437
42.91519
40.11101
32.09906
40.59171
41.39161
42.77795
41.59417
49.17658
41.39404
53.63042
51.06346
51.12066
52.94571
58.00258
55.31237
45.66294
44.19448
47.29472
61.09206
47.51688
45.19227
51.0238
54.37664
65.00951
46.56031
50.28722
64.34197
60.89694
41.49745
32.68387
41.60376
