28.59496
24.76879
28.73604
31.26778
31.26242
29.98452
37.71075
34.25362
18.22739
27.18343
34.38664
30.73159
29.01418
33.18204
26.22445
27.49624
30.11599
35.86541
30.41704
32.61742
25.40005
24.74546
22.46277
28.74687
29.45798
31.57476
33.86335
33.01265
35.94178
39.11749
31.35108
31.66889
32.76552
35.49062
36.21205
34.87032
36.11428
36.29334
32.14657
36.5073
39.34396
34.76941
35.99804
25.65071
33.44686
33.74808
28.0538
35.43913
30.92862
29.60396
38.25155
32.71227
38.51664
38.51031
31.20273
34.70148
39.24625
33.58882
32.4879
33.11665
30.6529
39.40626
36.78856
39.33669
32.11487
33.58368
31.24412
38.73159
36.10722
29.77051
33.60412
33.10686
35.09505
26.32442
40.69221
35.54425
41.13953
34.0934
33.37522
39.64847
35.06856
38.31157
37.3294
41.46606
35.82717
