9.950293
8.424874
8.182792
7.673472
7.518176
7.912959
7.888073
7.934909
7.672888
8.066098
8.114124
7.856919
7.895269
8.793076
7.841998
8.377316
9.17393
7.896119
8.589927
7.843226
8.30446
8.994881
8.194525
8.511394
9.033424
8.347584
8.635329
8.715735
8.877412
4.651415
4.844561
5.589385
5.868846
6.992297
8.126563
8.691527
9.723242
9.363378
9.203108
9.067169
8.973026
9.079259
9.369275
9.505642
9.035328
9.77406
9.753473
10.18937
9.5907
9.689134
10.59332
9.829501
10.62918
10.68165
10.7002
9.709441
9.738843
10.03951
10.59712
10.31658
10.24067
10.66483
10.72052
11.08408
11.15848
10.4
10.56745
11.64674
11.22369
11.14459
10.25243
10.88048
11.43434
11.14716
10.96873
10.85786
11.4552
11.57728
10.77745
11.13457
11.85828
11.29596
10.3658
10.01129
11.18726
