9.752581
7.362354
7.801265
7.591958
7.631829
8.128919
8.250599
8.107664
7.166569
7.666904
8.415391
7.869913
7.94735
8.72186
7.340383
8.022865
8.472952
8.359572
8.314422
8.675001
8.286769
8.190182
8.420926
8.134703
8.560919
8.947174
8.388709
8.548986
8.969463
9.595771
8.576398
8.656994
8.387449
8.922224
8.978175
9.03806
8.961204
8.651831
8.612504
9.175639
9.502485
9.053721
8.822169
8.553235
9.281691
9.727038
8.629587
9.129125
9.194674
8.76821
9.289889
9.361292
9.763881
8.987618
8.492894
8.920125
10.30148
8.950562
8.995532
8.82511
9.009923
9.377623
9.599591
9.370379
9.317332
8.932527
8.757991
9.941352
9.288133
8.896474
9.124646
9.322979
9.088231
8.392308
9.517932
8.951903
9.384282
8.985894
9.045466
9.501282
8.940061
10.15988
9.342254
9.127327
9.198169
