16.8855
16.50312
18.10756
17.24745
13.13153
14.9075
14.19621
15.67325
11.85292
14.17466
13.66727
12.35181
13.11979
15.76731
12.88219
12.26334
15.84029
11.14894
13.05101
11.46849
12.14012
15.24668
11.39385
15.76689
13.51369
11.5995
12.44616
13.57344
14.6734
15.24717
18.98152
15.81536
12.74487
13.14622
12.4959
12.07033
14.94555
14.14403
12.57848
12.99771
12.91419
14.81586
15.56367
15.44621
13.20733
14.66941
13.8133
18.79768
14.76818
14.58746
17.13713
15.4925
16.55777
17.51007
16.37066
15.7586
14.08654
15.91522
15.9893
16.6094
16.78183
20.23625
16.80967
19.04541
19.41315
19.96295
18.45704
22.27502
18.73964
16.72035
14.88545
17.43106
22.07698
16.94091
16.95752
17.76896
18.03631
22.75767
15.91671
17.94151
23.25149
18.73201
15.25911
13.45206
15.60283
