15.52534
12.63189
15.00242
14.85462
15.44748
13.31008
17.03766
14.56282
10.12755
12.16021
14.94175
13.40153
12.67772
15.02815
11.17153
12.51248
13.56073
14.53635
13.26199
13.52577
11.54659
11.3557
11.15077
12.10617
12.97945
14.7476
14.68663
13.86075
15.74548
16.00756
12.73703
13.40313
13.47911
14.62623
15.55027
14.45259
14.59627
15.25921
13.81897
15.0105
15.71953
13.6077
13.91581
11.6977
14.07525
14.47053
11.86612
13.94408
12.63789
12.08515
15.74467
13.28756
15.07156
14.63863
12.18304
13.96766
15.25038
13.21115
13.3183
13.70393
12.01564
15.60005
14.80917
15.08275
13.63822
13.21489
12.15791
14.87635
13.69326
13.10237
13.00259
13.32014
13.51292
11.40945
16.6609
14.10269
15.2199
13.49096
12.64214
15.8162
13.67807
14.83086
14.26059
15.90637
14.39068
