1.882314
1.770052
1.733378
1.72985
1.686808
1.675226
1.668341
1.658112
1.638888
1.767701
1.726385
1.642952
1.668294
1.704981
1.700164
1.685722
1.736456
1.691321
1.689599
1.716449
1.732942
1.723505
1.742496
1.708722
1.772942
1.6925
1.757391
1.710646
1.75421
1.773897
1.77858
1.795511
1.798508
1.782204
1.796451
1.799972
1.804417
1.771471
1.825493
1.824441
1.814913
1.844392
1.875711
1.838824
1.817731
1.839424
1.82996
1.906064
1.872892
1.903664
1.939606
1.878724
1.847134
1.870872
1.945427
1.935819
1.943938
1.914396
1.947197
1.923632
1.92548
1.987413
1.963777
1.987904
1.992548
2.041055
2.015388
1.970214
2.027119
2.01111
2.041405
2.034156
2.071042
2.006264
2.062074
2.087162
2.038954
2.068075
2.071674
2.046342
2.058081
2.102194
1.989573
2.023999
2.04257
