1.936647
1.708816
1.722424
1.683955
1.670487
1.684953
1.578881
1.660335
1.641237
1.70481
1.692725
1.694513
1.683421
1.669837
1.673318
1.687385
1.695895
1.747822
1.666344
1.691837
1.672841
1.726748
1.650069
1.714169
1.653448
1.731237
1.715943
1.7289
1.744813
1.742847
1.783057
1.747189
1.735203
1.760576
1.736163
1.686857
1.722263
1.698471
1.736515
1.745023
1.808721
1.795701
1.714994
1.759347
1.751191
1.737565
1.778388
1.727286
1.797451
1.73615
1.80511
1.803761
1.798593
1.827487
1.773057
1.73356
1.776303
1.789454
1.770754
1.757882
1.826718
1.779673
1.785109
1.750451
1.816142
1.807849
1.778838
1.841402
1.807509
1.789153
1.763978
1.821252
1.809449
1.778407
1.840682
1.788387
1.790835
1.831612
1.827742
1.854782
1.794388
1.833253
1.868688
1.839509
1.80533
