-0.6261571
-0.5952449
-0.5372222
-0.5282018
-0.5404456
-0.5352867
-0.5361797
-0.5318952
-0.547122
-0.5560679
-0.5309461
-0.5500698
-0.5480827
-0.5328853
-0.5569565
-0.5672661
-0.5713829
-0.5537719
-0.5515149
-0.5845667
-0.5783019
-0.5407065
-0.551909
-0.5227537
-0.5275246
-0.5750076
-0.6192704
-0.5631546
-0.5446745
-0.5625671
-0.5312571
-0.5458146
-0.5773871
-0.5959604
-0.6079835
-0.6196972
-0.594926
-0.5748168
-0.6146627
-0.6463922
-0.6185937
-0.6007585
-0.5891274
-0.5726048
-0.6489363
-0.6171671
-0.5945894
-0.5838667
-0.6330572
-0.6193965
-0.5906256
-0.6323212
-0.6396315
-0.6214181
-0.5994922
-0.5870523
-0.6443876
-0.59696
-0.604707
-0.631637
-0.658614
-0.6027883
-0.6119944
-0.5941123
-0.600136
-0.6158363
-0.601646
-0.5985936
-0.5838825
-0.6161314
-0.6620467
-0.6497807
-0.5829901
-0.6330731
-0.6475223
-0.6322335
-0.6337873
-0.6277512
-0.6234921
-0.6522486
-0.6474557
-0.6274025
-0.7224458
-0.7614603
-0.7219437
