-0.6150899
-0.5821909
-0.5585012
-0.5340777
-0.5397838
-0.5252883
-0.5170184
-0.5057036
-0.5765817
-0.5430031
-0.5288653
-0.5202601
-0.5185817
-0.50064
-0.5073935
-0.499047
-0.5052631
-0.4743855
-0.4920368
-0.4985674
-0.5147581
-0.5576013
-0.5719622
-0.5047978
-0.4842512
-0.4785543
-0.4724367
-0.4849708
-0.4859882
-0.4780927
-0.4946098
-0.5118203
-0.4973618
-0.4715627
-0.4728078
-0.4760504
-0.4795999
-0.4719254
-0.4735289
-0.4710667
-0.4643781
-0.4842852
-0.4714441
-0.4996623
-0.4757503
-0.4558264
-0.5031296
-0.4800716
-0.487346
-0.4795318
-0.484865
-0.4834894
-0.4617895
-0.4559968
-0.4718177
-0.4720695
-0.4433946
-0.4433258
-0.4532679
-0.4521573
-0.4636998
-0.4346009
-0.4288316
-0.4271128
-0.4471092
-0.4501791
-0.4567854
-0.4449991
-0.4327879
-0.4512329
-0.4614984
-0.4740237
-0.441552
-0.4784126
-0.4524385
-0.4424531
-0.4109752
-0.4089481
-0.4099439
-0.4099433
-0.4100254
-0.4256453
-0.4233737
-0.4395853
-0.4265261
