6.08788
5.85451
5.9714
6.227972
5.937065
6.240756
6.05224
5.938448
5.441597
5.838059
6.605212
6.084074
6.331696
6.138889
5.631788
6.230563
6.271064
6.833044
6.528919
6.428695
6.325145
6.353916
6.206679
6.562304
6.288737
6.443315
6.448403
6.623561
6.687457
7.13307
6.705619
7.062346
6.729762
6.962793
6.907219
6.878481
6.983267
6.732725
6.596447
6.982089
7.378327
7.243609
6.998433
6.654114
7.015403
7.099911
6.817056
6.960414
7.003203
6.919461
7.277269
7.137237
7.598456
7.281911
7.176511
7.000355
7.576651
7.067618
7.176754
7.06444
7.162475
7.552575
7.804559
7.115547
7.210697
7.126672
7.136646
7.918102
7.644839
7.148579
7.38085
7.500766
7.594179
6.745413
7.704058
7.531217
7.624969
7.341405
7.538751
7.847471
7.509395
7.983464
7.924853
8.085109
7.98827
