6.091805
6.091821
6.490553
6.49023
5.912823
6.14751
6.007975
6.34085
5.963472
6.201839
6.468998
6.280025
5.982418
6.498417
5.991225
6.154927
6.780814
6.191726
6.568893
6.271788
6.317888
6.698001
6.344854
6.417771
6.878113
6.370425
6.87041
6.742622
6.9872
7.006421
7.257336
7.144271
7.147764
7.084112
7.307493
6.962409
7.351623
7.394524
7.189605
7.347653
7.270908
7.474986
7.823344
7.751115
7.648742
7.756403
7.570668
8.065839
7.485278
7.775466
8.533297
8.421714
8.46855
8.079758
8.676625
8.180685
8.17231
8.422122
8.621791
8.520931
8.31029
8.72855
8.440493
9.058458
8.92048
9.101604
9.287633
9.092816
9.23956
9.190028
9.001406
9.280663
10.05099
9.317509
9.30374
9.505964
9.89608
9.721932
9.684751
9.864235
10.14631
10.24027
9.068106
9.011042
9.238218
