5.662272
5.276495
5.243194
5.509669
5.324551
5.912004
5.517707
5.773518
5.118213
5.527059
6.146863
5.730542
6.02739
5.846594
5.463906
5.915915
6.013171
6.550224
6.230564
6.200839
6.026843
6.063306
6.226283
6.498748
6.206169
6.681438
6.252592
6.457759
6.512658
7.154781
6.70299
6.922194
6.691797
6.85578
6.816639
6.736041
6.792352
6.546935
6.690457
7.089409
7.392603
7.508695
6.959615
6.599074
7.230665
7.334978
7.173514
7.154122
7.299045
7.195316
7.535184
7.347479
7.888316
7.634462
7.294262
7.048668
8.005725
7.25169
7.567859
6.897104
7.555969
7.764826
8.071105
7.426211
7.633597
7.646143
7.439875
8.685615
8.253789
7.442465
7.743942
7.802621
8.01793
6.817283
8.115261
8.016504
7.583958
7.884238
7.806155
8.082582
7.898566
8.425284
8.529342
8.181716
8.007279
