5.62574
5.509963
5.636099
5.435105
5.294164
5.404853
5.711612
5.662701
5.385703
5.92498
6.186887
5.78193
5.636874
5.926998
5.609473
6.190046
6.919471
5.825982
6.240178
6.116826
6.22738
6.327175
6.000939
6.331285
6.849735
6.132893
6.790096
6.682595
6.793893
6.84073
7.014224
6.879371
6.919313
6.743501
7.566173
6.891943
7.491345
7.200672
7.24659
7.335479
7.349657
7.644764
7.69259
7.831363
7.493171
8.233893
7.696423
8.238246
7.263036
7.907774
8.76919
8.379319
8.651976
8.213951
9.316788
8.244757
8.12024
8.250736
8.913879
8.817353
8.461011
8.721516
8.515105
9.099248
9.289823
8.895112
9.175869
9.147166
9.633244
9.180903
9.239136
9.632219
9.858443
9.469102
9.536778
9.763957
10.06252
10.1451
9.947003
9.901256
10.47513
10.75063
9.005878
9.040443
9.837452
