2.403955
2.048096
1.923272
2.048497
1.949923
2.246211
1.874511
2.132874
2.079246
2.038205
2.140099
1.93785
2.253706
1.99181
2.011616
2.16146
2.032801
2.415663
2.285689
2.596854
2.296737
2.545312
2.630613
2.46197
2.350101
2.301264
2.257501
2.479959
2.233536
2.532961
2.533034
2.440067
2.443716
2.812184
2.513245
2.71079
2.450667
2.33895
2.547911
2.48291
2.666485
3.304069
2.582415
2.416398
2.5046
2.92913
2.944547
2.816521
2.854635
2.831486
2.862585
2.660154
2.787553
3.0647
2.936848
2.858752
3.009893
2.780626
2.867837
2.550931
2.930531
3.194109
3.05034
3.09736
3.088777
3.016093
3.030436
3.352916
3.264185
2.882536
3.232374
3.257025
3.001412
2.911858
3.452332
3.139868
2.952808
2.946436
3.019617
3.129716
3.031592
3.129171
3.723898
3.106125
3.05032
