2.252756
1.886835
1.98929
1.784427
1.860231
1.856012
2.068322
1.885898
1.869327
2.089241
2.00618
2.001552
1.813799
2.023594
2.074206
2.177049
2.61639
2.010527
2.136542
2.288504
2.092351
2.252946
2.275787
2.098337
2.525066
2.347621
2.404273
2.175175
2.332346
2.502953
2.535609
2.350968
2.446688
2.522672
2.81198
2.592546
2.56086
2.483522
2.622969
2.778983
2.898802
3.100742
2.831054
2.791046
3.068706
3.135317
3.125156
3.073905
2.988376
3.032438
3.446512
3.333776
3.373068
2.8405
4.000103
3.342329
3.138495
3.026495
3.616825
3.610489
3.287324
3.298226
3.555975
3.958533
3.599258
3.609417
3.902524
3.660467
4.010587
3.976317
4.14015
3.698976
3.738947
3.905618
4.221241
4.472788
4.701417
4.312028
4.36225
4.404454
4.565722
4.951592
4.312149
4.444439
4.857653
