14.09322
13.1144
13.08646
13.72172
13.15144
14.32943
13.38476
13.7752
12.5772
13.33288
14.82127
13.68382
14.54763
13.90836
13.04566
14.23869
14.25302
15.72892
14.97433
15.15503
14.57895
14.8897
14.99042
15.45721
14.77734
15.35304
14.88842
15.49367
15.36023
16.75008
15.86037
16.34866
15.78654
16.55499
16.15834
16.24557
16.15145
15.54664
15.75996
16.47479
17.35052
17.97696
16.46718
15.59032
16.67452
17.28653
16.86146
16.84703
17.07569
16.86774
17.59875
17.06587
18.18905
17.89122
17.32246
16.82857
18.51301
17.01997
17.53265
16.43634
17.56748
18.43079
18.84232
17.56006
17.85075
17.69894
17.52759
19.87341
19.07002
17.39026
18.27264
18.48109
18.53043
16.39041
19.17797
18.59886
18.07627
18.08661
18.27694
18.97905
18.35329
19.4486
20.08931
19.28947
18.96105
