13.90393
13.42155
14.05058
13.64953
13.00247
13.34452
13.72869
13.8343
13.15887
14.1537
14.59811
14.00299
13.37042
14.3914
13.60246
14.45478
16.24634
13.96148
14.88646
14.6063
14.56995
15.20852
14.55397
14.7786
16.18136
14.78573
15.99757
15.52845
16.04703
16.27632
16.73048
16.29308
16.44312
16.28037
17.60488
16.37504
17.32339
16.99845
16.97785
17.38393
17.44526
18.13934
18.26038
18.29443
18.1338
19.04374
18.3132
19.29571
17.6539
18.62906
20.6618
20.03863
20.40353
19.04983
21.91033
19.68393
19.34702
19.61927
21.0607
20.85808
19.97511
20.65788
20.42332
22.01762
21.71961
21.51935
22.26977
21.81429
22.78729
22.25841
22.2829
22.51984
23.55251
22.60913
22.95133
23.64481
24.5638
24.07938
23.90018
24.07445
25.07924
25.83385
22.27953
22.40595
23.8284
