14.32531
13.82589
14.46183
14.0597
13.47046
13.78301
14.19547
14.2587
13.61162
14.67594
15.06876
14.46893
13.81276
14.80394
14.03711
14.91082
16.7353
14.45681
15.33095
15.06946
15.04714
15.66823
15.0047
15.23523
16.62782
15.22684
16.5621
16.04432
16.53464
16.755
17.16263
16.87005
16.94329
16.78311
18.11486
16.84563
17.76518
17.50378
17.50746
17.91104
17.93138
18.60971
18.7502
18.8399
18.62563
19.57155
18.79246
19.84208
18.14635
19.03998
21.23442
20.55652
20.88609
19.59956
22.58169
20.22164
19.91516
20.12331
21.61086
21.45036
20.47945
21.16964
20.98916
22.58529
22.2615
22.04675
22.80787
22.31004
23.37643
22.82876
22.82398
23.07817
24.08012
23.23057
23.50297
24.28485
25.10166
24.62205
24.4956
24.68157
25.62031
26.42822
22.8454
23.03417
24.39618
