14.56449
13.53721
13.53223
14.14008
13.57053
14.77873
13.75016
14.24581
13.00074
13.80535
15.21926
14.16535
15.02961
14.35931
13.43104
14.69706
14.72207
16.25221
15.42245
15.62357
15.02597
15.34265
15.44229
15.94985
15.17888
15.83047
15.33237
15.95465
15.87151
17.25802
16.3595
16.80747
16.26787
17.00322
16.62578
16.72341
16.64764
16.0284
16.21567
16.97973
17.86573
18.50212
16.9461
16.08811
17.16269
17.82449
17.40525
17.35928
17.60782
17.38022
18.11688
17.57265
18.70021
18.40945
17.80326
17.3417
19.06304
17.53888
18.0515
16.90778
18.08906
18.94551
19.42596
18.06069
18.38726
18.24406
18.08488
20.41088
19.63567
17.942
18.74834
19.03167
19.02182
16.89816
19.68318
19.1648
18.55709
18.64533
18.8023
19.51122
18.8971
20.02333
20.6215
19.79358
19.50421
