62.91933 67.05486 1 5
-137.19361111 63.50277778 2 18
-137.19367 63.5028 3 18
-137.19359 63.50275 4 18
-137.28166667 63.60166667 5 18
-138.31305556 63.46638889 6 18
-137.66083333 63.7025 7 6
-136.66277778 63.3625 8 6
-139.25 64.025 9 18
-137.82194444 63.7875 10 6
-139.4075 64.04666667 11 18
-133.4325 68.31694444 12 1
-133.43472222 68.31666667 13 1
-133.43472222 68.31694444 14 1
-133.41805556 68.31694444 15 1
-127.01777778 65.21305556 16 6
-127.01777778 65.21388889 17 6
-127.00361111 65.23972222 18 6
-138.51638889 63.94027778 19 18
-123.03333333 61.48333333 20 18
-133.41666667 68.31666667 21 1
-120.11666667 61.95 22 10
-113.01666667 69.43333333 23 13
-119.81666667 60.98333333 24 11
-113.01666667 69.43333333 25 13
-134.28333333 69.15 26 1
-137.63333333 63.60555556 27 6
-148.892833 70.2835 28 1
-149.00805556 63.75527778 29 18
78.59516667 64.08976667 30 6
140.350866 74.24605 31 24
72.16155 64.52273333 32 2
-137.32083333 63.45972222 33 18
-123.25 61.48333333 34 18
-120.11666667 61.95 35 10
-121.06666667 62.71666667 36 10
55.991117 69.563633 37 24
51.99075 69.563583 38 24
51.991 69.563367 39 24
-156.536132 71.21128 40 24
-156.722147 71.260818 41 24
71.20383333 64.33226667 42 2
-156.58885 71.307717 43 24
-156.58885 71.307717 44 24
-156.463105 71.22115 45 1
-156.4712 71.221118 46 1
70.29483333 64.30681667 47 10
-156.516048 71.221101 48 24
-156.52872 71.19967 49 24
75.36105 64.1476 50 2
-156.731387 71.260804 51 24
-98.418 55.917 52 19
-98.16324 55.462964 53 19
-98.163351 55.422754 54 19
-98.162874 55.46252 55 19
-98.158373 55.46264 56 19
-98.158278 55.462864 57 19
-98.158108 55.462383 58 19
-98.155397 55.464371 59 19
-98.154649 55.464459 60 19
-98.155666 55.464724 61 19
-98.152992 55.465081 62 19
-98.152226 55.65639 63 19
-98.148935 55.468831 64 19
-98.148461 55.469286 65 19
-98.148415 55.469953 66 19
-98.160471 55.465466 67 19
-98.161198 55.465207 68 19
76.7304 64.889 69 6
79.54761667 64.27093333 70 6
77.9605 65.6079 71 6
-157.7288 63.57376 72 6
-157.73331 63.57095 73 6
-157.73059 63.57403 74 6
-99.159 62.915 75 17
-99.158 62.894 76 17
-99.165 62.905 77 17
62.91499 67.07053 78 5
62.9404 67.05679 79 5
62.92703 67.06093 80 5
62.94632 67.05772 81 5
62.31514 67.36887 82 6
62.31338 67.36967 83 6
62.30737 67.36741 84 6
62.28609 67.36861 85 6
62.10304 67.29747 86 6
61.836 67.14769 87 6
61.85775 67.15565 88 6
61.86706 67.15756 89 6
61.86847 67.15879 90 6
62.9377 67.0518889 91 5
62.944555 67.05277 92 5
62.951778 67.0553055 93 5
62.2176111 67.37786111 94 6
62.12979528 67.27930917 95 6
62.9337222 67.046444 96 5
62.91933 67.05486 97 5
-148.89638889 65.55111111 98 6
-148.89722222 65.55277778 99 6
-148.89861111 65.55416667 100 6
-148.90166667 65.55555556 101 6
-148.905 65.55611111 102 6
-148.90805556 65.55722222 103 6
-150.66666667 67.35 104 17
71.03093333 64.4224 105 2
-147.85833333 64.89166667 106 10
-148.36 65.18583333 107 6
-148.33083333 65.24666667 108 6
72.96966667 65.08416667 109 10
-150.9675 63.72416667 110 18
-151.52333333 63.685 111 10
-151.1575 63.62333333 112 10
-151.11666667 63.68416667 113 10
-148.92488 65.56758 114 6
-149.583 65.814 115 10
-149.5831 65.8141 116 10
149.58308 65.81447 117 5
149.45639 65.79548 118 5
148.92307 65.56856 119 17
-148.923 65.5685 120 6
-148.92261 65.56872 121 6
-149.04871 65.3982 122 6
-149.05782 65.38961 123 6
-148.923 65.568 124 6
-149.13164324 65.6943891 125 6
-148.89638889 65.55111111 126 6
-156.63472 65.19612 127 5
-156.63704 65.19664 128 5
-156.63968 65.19748 129 5
-147.91666667 65.275 130 6
-149.67666667 68.92333333 131 5
-156.33552 71.25943 132 1
-155.59165 71.04783 133 24
-155.99696 70.89487 134 1
-155.48537 70.87368 135 1
-155.23968 71.05741 136 24
-154.5321 70.82011 137 1
-154.17681 70.76805 138 1
-153.33769 70.89316 139 1
-152.8823 70.85581 140 1
-148.892833 70.2835 141 1
-152.297975 70.602061 142 1
-152.537779 70.575549 143 1
-152.087675 70.547429 144 1
-151.733056 70.495792 145 1
-151.61695 70.43465 146 1
-150.939435 70.433335 147 9
-150.1049 70.42362 148 1
-150.09417 70.43328 149 1
-149.43913 70.50425 150 24
-149.02558 70.45048 151 1
-148.7007 70.40494 152 1
-147.99382 70.26707 153 1
-147.74447 70.21844 154 1
-145.809932 70.145139 155 24
-145.53469 70.05746 156 24
-145.15104808 69.98938282 157 5
-144.93877 69.92953 158 5
-144.67171 69.96485 159 5
-142.72332 70.03555 160 24
-141.72357807 69.77733675 161 24
-141.196108 69.68286 162 24
-150.53102 70.4831 163 9
-150.53146 70.48442 164 9
-151.0734 70.41146 165 1
-150.53146 70.48442 166 9
-156.54159 71.30434 167 24
-156.56843333 71.32416 168 24
-156.42933333 71.2829 169 1
-148.32333333 70.75333333 170 24
-148.892833 70.2835 171 1
-149.285 68.613 172 5
-148.670333 69.441 173 5
-148.805667 69.434333 174 5
-149.351 68.601 175 5
-149.618167 68.624 176 5
-149.493 68.629 177 5
-148.670333 69.441 178 5
-148.892833 70.2835 179 1
-148.911467 69.486883 180 5
-156.58885 71.30605 181 24
-156.462304 71.385698 182 1
-156.449933 71.277602 183 1
-156.439615 71.277796 184 1
-156.442607 71.277747 185 1
-156.482859 71.272517 186 1
-156.476162 71.272487 187 1
-156.4855 71.2725 188 1
-156.472999 71.221118 189 1
-156.47954 71.213327 190 1
-156.487631 71.213267 191 1
-156.494555 71.213293 192 1
-156.510287 71.221134 193 24
-156.513027 71.221092 194 24
-156.515553 71.209299 195 24
-156.520867 71.209319 196 24
-156.522552 71.209318 197 24
-156.521642 71.203 198 24
-156.527905 71.202957 199 24
-156.533346 71.202994 200 24
-156.528607 71.211345 201 24
-156.529643 71.211319 202 24
-156.539805 71.217002 203 24
-156.54736 71.216955 204 24
129.397 71.78 205 17
-156.72631 71.260825 206 24
-156.731387 71.260804 207 24
-156.730603 71.260832 208 24
-156.672661 71.253526 209 24
-156.679262 71.253497 210 24
-156.666963 71.253514 211 24
-156.674176 71.253524 212 24
-156.659538 71.264835 213 24
-133.00677507 68.95645 214 1
-133.4325 68.31694444 215 1
129.397 71.78 216 17
129.397 71.78 217 17
20.9 68.4667 218 7
-148.562085 64.718439 219 6
-147.953497 64.849241 220 10
-148.013688 64.844195 221 10
-147.647907 64.869442 222 10
-145.806918 64.199565 223 6
-147.401796 64.860421 224 10
117.35 73.58 225 24
126.9 72.4 226 24
129.28 71.9 227 17
141.2 73.35 228 24
158.65 68.75 229 1
135.58745 75.366016 230 24
142.161 74.869 231 24
129.38 71.75 232 17
129.397 71.78 233 17
129.39785 71.78967 234 17
129.5 71.5 235 24
159.08755 68.63284 236 1
-138.86383 69.579944 237 24
138.87108333 69.57205556 238 17
139.01316667 69.57091667 239 17
123.7986 72.974 240 24
128.83 73 241 1
126 73.344722 242 1
126.3092 72.3344 243 17
123.6314 72.943 244 24
123.2164 72.8814 245 17
141.31 73.34 246 24
141.29 73.33 247 24
141.24007 73.3492 248 24
141.33 73.33512 249 24
141.25 73.34 250 24
140.350866 74.24605 251 24
117.17736111 73.60597222 252 24
117.1824 73.6075 253 24
117.1347 73.6104 254 24
116.8817 73.6396 255 24
128.84758 71.74648 256 17
153.4341 62.67873 257 17
143.47526 72.68347 258 24
143.5987 72.67531 259 24
-164.309 66.582 260 24
146.07996 74.0599667 261 24
-140.79667 69.805 262 24
-161.963717 67.927667 263 17
-161.963728 67.927683 264 17
-161.95755 67.928767 265 17
-161.957564 67.928778 266 17
-149.522833 68.543083 267 5
-149.577781 68.553875 268 5
-149.522639 68.543278 269 5
-149.577331 68.554403 270 5
-149.522667 68.543472 271 5
-149.522694 68.543722 272 5
-149.579578 68.554683 273 5
-149.578369 68.554397 274 5
-149.522861 68.544083 275 5
-149.578358 68.554822 276 5
-149.205133 68.692386 277 5
-149.205608 68.692136 278 5
74.823303 63.16106 279 3
75.023041 63.880573 280 2
72.714958 61.546211 281 3
72.180611 61.976582 282 3
73.977928 61.618023 283 3
74.315598 61.487217 284 4
73.392105 61.75462 285 3
73.841225 62.122871 286 3
76.535629 63.140579 287 6
76.768867 62.656864 288 3
76.816681 63.499908 289 6
76.642677 63.770725 290 6
75.510811 63.772106 291 6
74.26931 63.650047 292 2
75.531944 64.496223 293 2
74.986717 64.07196 294 2
75.217247 62.852623 295 3
74.262817 62.957851 296 3
71.7155 62.548813 297 3
72.865799 62.395096 298 3
71.255768 60.840118 299 4
73.079605 60.653397 300 4
73.237305 61.318943 301 4
74.776787 62.254967 302 3
76.46859 61.028557 303 4
76.72538 61.31876 304 4
77.503242 61.80838 305 11
75.306404 61.233624 306 4
75.199936 61.736794 307 3
75.791786 62.36758 308 3
77.476654 62.359253 309 3
76.711319 61.997349 310 11
79.460129 61.467514 311 4
77.621834 60.797852 312 4
78.581642 60.814159 313 4
74.725464 61.246353 314 4
74.541611 60.803902 315 4
79.380623 61.089527 316 4
77.835167 61.198795 317 4
76.67914378 66.46108113 318 2
76.59317223 66.04111173 319 2
76.48448333 66.74406667 320 5
77.98840407 65.97249886 321 6
77.34542039 65.99836018 322 6
75.855 66.0085 323 2
75.28981667 65.85871667 324 10
76.99431667 66.46981667 325 2
79.13786667 66.1994 326 10
79.13861667 66.19935 327 10
79.32336667 66.44965 328 10
76.32186667 66.4416 329 2
75.43458626 67.80941196 330 1
76.42176667 67.46398333 331 1
77.41148333 66.60171667 332 9
75.50246667 65.49983333 333 10
77.9605 65.6079 334 6
78.81383333 65.86521667 335 10
73.00581667 65.58306667 336 10
71.03093333 64.4224 337 2
72.96966667 65.08416667 338 10
72.16155 64.52273333 339 2
71.20383333 64.33226667 340 2
70.29483333 64.30681667 341 10
72.46308333 65.54998333 342 10
73.74711667 66.60848333 343 5
74.53056667 66.86886667 344 5
73.98885 66.16636667 345 10
73.94885 66.49971667 346 10
74.34776667 65.79333333 347 10
75.36105 64.1476 348 2
75.76615 63.75038333 349 6
76.67305 64.51678333 350 6
76.7304 64.889 351 6
79.54761667 64.27093333 352 6
75.4017 64.6881 353 2
78.59516667 64.08976667 354 6
68.98493333 59.36013333 355 25
70.05861111 61.05527778 356 4
129.5839506 62.2401831 357 5
129.5834739 62.2428969 358 5
129.6187743 62.2542504 359 5
129.6187207 62.2535386 360 5
129.619301 62.2528429 361 5
129.6197004 62.2519498 362 5
129.4991688 62.3165227 363 5
129.5011215 62.3165698 364 5
129.5029953 62.3165923 365 5
129.5107355 62.3166944 366 5
129.5126689 62.3167551 367 5
129.5165567 62.3167954 368 5
129.6367 62.2357 369 5
147.4419833 70.8290333 370 1
147.442495 70.8293333 371 1
147.4866517 70.8255433 372 1
-106.08333333 62.38333333 373 17
-139.0281 63.8219 374 18
-139.0282 63.8218 375 18
-139.028 63.822 376 18
-138.645 63.6664 377 18
-138.644 63.6665 378 18
-145.64780556 61.19130556 379 21
-149.198597 60.7979914 380 19
-159.57719444 61.58333333 381 6
-159.77847222 61.52669444 382 6
-160.588025 61.34745556 383 5
-158.26773333 61.51328056 384 10
-159.48800556 61.59016111 385 6
-149.01027778 63.75527778 386 18
-148.98 63.73194444 387 18
-150.15 63.48355556 388 18
-150.76672222 63.43358333 389 18
-150.96669444 63.71691667 390 18
-150.68338889 63.91686111 391 18
-150.75 63.61691667 392 18
-151.01669444 63.33355556 393 10
-151.16686111 63.48336111 394 10
-149.37283611 64.22644444 395 10
-149.20491667 64.34377778 396 10
-158.6 59.06666667 397 7
-159.06666667 59.58333333 398 19
-159.03333333 59.91666667 399 19
-160.72645 59.55026389 400 19
-150.32671667 59.81885 401 21
-147.32305556 64.89055556 402 10
-147.62611111 64.90972222 403 10
-146.41666667 67.16666667 404 5
-147.86138889 64.8525 405 10
-147.83416667 64.85138889 406 10
-147.88166667 64.85777778 407 10
-147.85891667 64.86941667 408 10
-147.85106667 65.09983333 409 6
-147.86666667 64.86666667 410 10
-147.87473333 64.86685 411 10
-148.26481667 64.76983333 412 10
-148.33115 64.80395 413 10
-148.41861111 64.80588889 414 10
-148.17886111 64.79258333 415 10
-145.87266667 65.07716667 416 18
-151.23333333 61.58333333 417 19
-145.82444444 64.12833333 418 6
-136.2875 59.425 419 20
-136.19166667 59.43333333 420 20
-136.09583333 59.5375 421 19
-136.01666667 59.44166667 422 20
-150.71166667 59.69805556 423 19
-149.52861111 60.61766667 424 19
-156.68333333 58.7 425 7
-156.76666667 58.71666667 426 7
-151.43333333 61.58333333 427 19
-151.21666667 62 428 19
-151.48333333 61.73333333 429 19
-151.28333333 61.58333333 430 19
-151.1 61.55 431 19
-150.98333333 61.45 432 25
-150.77416667 62.62888889 433 18
-162.292661 65.085755 434 6
-161.886889 64.96982 435 6
-164.45666667 66.56388889 436 24
-156.59444444 71.3125 437 24
-148.91677778 70.275 438 1
-148.66663889 69.44108333 439 5
-148.74533333 69.06463889 440 5
-149.4085 68.76233333 441 5
-149.18363889 68.50827778 442 5
-149.2995 68.61586111 443 5
-144.58333333 61.65 444 5
-148.88513889 70.26722222 445 1
-157.37411111 70.46258333 446 1
-149.49566667 68.48152778 447 17
-148.55246667 70.37641667 448 1
-148.64639167 69.60430556 449 1
-148.8425 69.13111111 450 5
-149.47879167 68.48131667 451 17
-149.47880278 68.48131944 452 17
-149.76880278 67.96839444 453 17
-149.5801 68.0693 454 17
-149.58003056 68.06926944 455 17
-150.14530278 67.33447222 456 17
-150.16859167 67.27301111 457 17
-148.72586111 69.41191667 458 5
-148.73608333 69.39513889 459 5
-148.69197222 69.9841 460 1
-149.47811111 68.12975 461 17
-149.30311111 68.61647222 462 5
-155.14797222 67.32322222 463 17
-162.97305556 68.08527778 464 17
-145.19055556 64.01888889 465 18
-145.27 63.90694444 466 18
-145.12416667 64.01944444 467 18
-145.14 64.01805556 468 18
-144.8875 63.84333333 469 10
-144.89583333 63.82972222 470 10
-144.72055556 63.76888889 471 10
-145.19277778 63.90694444 472 18
-142.98330556 63.35244444 473 10
-142.98180556 63.35333333 474 10
-145.08166667 63.78194444 475 18
-146.26994444 64.27836111 476 6
-144.66291667 63.72325 477 10
-141.83019444 63.06038889 478 18
-141.82666667 63.05594444 479 18
-142.67358333 63.31316667 480 10
-143.00536111 63.25947222 481 18
-144.66286111 63.72225 482 10
-146.78194444 63.90138889 483 18
-146.57277778 63.74055556 484 18
-146.70166667 64.02166667 485 10
-145.56194444 63.94638889 486 18
-145.915 63.8425 487 18
-145.73416667 63.80805556 488 18
-145.39972222 63.94388889 489 18
-144.96777778 63.81583333 490 10
-145.0275 63.88111111 491 18
-145.37333333 64.01194444 492 18
-145.61111111 64.02666667 493 6
-145.8 64.18611111 494 6
-145.36666667 62.05 495 5
-144.58333333 61.65 496 5
-144.73333333 61.7 497 5
-144.88333333 61.73333333 498 5
-145.08333333 61.8 499 5
-145.35 61.93333333 500 5
-145.33333333 61.83333333 501 5
-145.34166667 61.95 502 5
-145.3 61.91666667 503 5
-132.020204 56.761774 504 21
-154.25 66.03333333 505 6
-157.63333333 64.91666667 506 10
-150.61666667 65.05 507 6
-150.2 64.61666667 508 10
-150.5 65.66666667 509 6
-151.5 65.73333333 510 6
-151.25 64.75 511 6
-151.25 64.71666667 512 6
-160.03348333 62.09991667 513 6
-160.06221111 62.910825 514 5
-150.18333333 67.25333333 515 17
-145.41222222 65.48583333 516 18
-146.59222222 65.36722222 517 18
-143.20777778 65.35527778 518 18
-142.60416667 65.40722222 519 18
-143.20861111 63.49166667 520 18
-143.76861111 65.19833333 521 18
-143.48555556 65.25361111 522 18
-143.39027778 64.91222222 523 18
-143.63555556 65.45277778 524 18
-149.60986111 68.62277778 525 5
-150.66666667 67.25333333 526 17
-160.060915 65.230673 527 6
77 61 528 4
65.25 63.583333 529 11
76.833333 60.833333 530 4
76.583333 60.916667 531 4
76.833333 60.833333 532 4
70.666667 64.75 533 2
88.133333 62.866667 534 11
89.166667 62.666667 535 12
76.583333 61.166667 536 4
76.916667 61.5 537 4
64.416667 65.683333 538 10
76.666667 64.666667 539 6
73.333333 61.583333 540 3
77 65.166667 541 6
71 63.666667 542 2
71.5 63.166667 543 11
71.333333 61.666667 544 3
86.583333 67.433333 545 9
72.55 69.383333 546 24
74 61.5 547 4
75.333333 60.616667 548 4
78.916667 60.016667 549 4
80.5 60.666667 550 4
74.583333 65.75 551 10
79.733333 66.7 552 9
65.766667 66.8 553 13
68.5 67.083333 554 1
71.883333 68.35 555 5
71.333333 68.333333 556 5
71 68.416667 557 5
71.666667 68.666667 558 5
83.583333 69.95 559 9
66.8095 69.7027 560 24
86 69.5 561 1
65.5 71.85 562 24
70.083333 73.666667 563 24
