7.026369
6.73027
6.997655
8.11406
7.451294
7.619475
8.404514
7.349604
5.729412
6.43707
8.391913
7.231894
7.435162
7.439303
6.557829
7.282466
7.48533
8.236414
7.567972
8.185928
7.095209
7.082192
6.9919
7.638283
7.54925
7.95186
7.649894
7.964289
8.195967
9.034574
7.767328
8.126586
7.830222
7.928565
7.97061
8.285386
8.51319
8.170057
7.636051
8.339977
9.164468
8.108408
8.344866
7.301514
8.466988
8.576482
7.335755
8.354294
7.859883
7.902336
8.643428
8.833549
8.932757
8.348407
7.623165
7.669045
8.995583
8.02431
7.987292
8.078444
7.675599
8.922916
9.590136
8.411799
7.999373
8.012675
7.927825
9.428097
9.264807
8.149188
8.793302
8.534233
8.998628
7.441968
9.00342
8.622623
9.110729
8.297345
8.381346
9.272145
8.787563
9.562426
9.373995
9.531614
9.409855
