7.130214
7.216127
8.92654
8.528566
6.635076
7.818773
7.414284
7.654405
6.785485
7.333499
7.599506
7.162822
6.978326
8.170905
7.176718
7.001017
8.250337
6.655589
7.753695
6.901423
7.138029
8.772585
6.895896
7.569589
7.732905
6.950668
7.643788
7.824428
7.79535
7.922777
9.023032
8.346317
7.883046
7.934126
8.029545
7.520486
8.398378
8.693017
7.740213
7.918943
7.982035
9.070083
9.424698
9.444387
8.412541
8.873549
8.803386
10.20948
8.321941
9.241472
9.964736
9.948184
9.840707
10.1921
10.21641
8.979654
8.784653
9.946879
9.620476
9.729443
9.3657
10.4563
9.672115
10.68612
11.14777
10.94404
10.82098
11.73332
11.03545
10.38958
9.871789
10.55461
13.36117
11.28929
11.02784
11.12273
12.15494
13.04227
10.65472
11.13197
13.16982
12.67708
10.06912
9.403504
10.46215
