4.768569
4.803215
4.199052
4.12501
4.838388
4.853159
4.624837
4.896189
5.395532
5.140135
4.703537
4.696214
5.144348
5.565305
4.659366
4.667824
4.94563
4.157402
5.19024
4.496772
4.847862
5.101758
5.213641
4.605364
5.967856
4.73202
4.740955
5.696418
5.19167
5.903435
5.08498
5.251107
5.119093
5.586951
5.632632
5.734085
5.735871
5.252076
6.192134
5.942819
4.978986
6.460358
5.725714
5.423993
5.460803
5.571755
6.154418
5.715838
5.874586
6.046576
5.95341
4.776954
6.160593
5.968879
6.101401
6.222203
7.025521
5.831659
6.349257
5.517869
6.533011
6.151378
5.643881
6.854223
7.128365
6.197555
6.281227
6.87926
6.407898
6.007103
6.016323
6.407844
5.686343
5.30006
6.946062
6.487272
6.806176
6.201895
6.48405
6.406489
5.474343
6.616872
6.176078
5.550987
5.731973
