4.640508
4.702089
2.728934
3.565913
4.893617
3.962427
5.089172
4.907092
4.857464
5.255062
4.861544
4.927208
4.527946
4.872946
5.32481
5.515331
5.651688
5.398164
4.775398
5.167907
4.880368
4.719885
5.88092
5.511672
6.092322
6.078682
5.568871
5.47569
6.343037
5.896824
5.811027
5.216424
5.25102
5.565402
6.533556
5.589775
6.20609
5.801931
6.473973
5.994944
5.987599
5.542932
4.751737
5.543878
5.313247
5.755984
5.901281
5.51259
6.235544
5.769639
7.155409
5.769363
6.988896
6.621925
6.748404
7.019775
6.48532
5.21492
7.032183
5.981148
6.408429
5.879846
6.872359
7.420043
6.215579
5.532318
6.538935
6.750682
6.803608
7.594635
7.239374
7.598005
5.16178
6.966778
6.323577
6.517851
7.098349
5.886878
6.992218
7.007102
6.739637
6.429122
6.661508
6.703672
7.654419
