2.373715
2.016177
2.093187
1.866083
1.921824
1.923424
2.12356
1.931451
1.914144
2.116465
2.053077
2.048143
1.847152
2.05404
2.102613
2.203993
2.644698
2.041337
2.162582
2.311456
2.115701
2.278299
2.293531
2.117976
2.547892
2.368447
2.43669
2.210919
2.346848
2.526804
2.553158
2.375643
2.469559
2.544615
2.839465
2.609098
2.580308
2.503597
2.645173
2.7949
2.922858
3.119124
2.848014
2.813288
3.096481
3.153187
3.140313
3.093816
3.009993
3.056908
3.470022
3.355608
3.39825
2.859785
4.021445
3.36238
3.16314
3.047439
3.630777
3.628807
3.310775
3.322801
3.582219
3.989902
3.610956
3.622664
3.92898
3.683374
4.029898
3.995668
4.15389
3.717513
3.758231
3.924823
4.245767
4.4808
4.705964
4.316537
4.370811
4.420649
4.585527
4.956657
4.317444
4.458045
4.874588
