13.37624
13.1094
12.66446
12.7526
12.30469
12.80818
13.18079
13.25996
12.22805
13.94799
13.75662
13.29327
12.45287
14.27892
13.48921
13.75237
15.66063
12.97765
13.88991
13.26025
13.26423
14.67224
13.47352
13.94228
15.34727
14.22005
14.75112
14.0241
14.97367
15.26538
16.26078
14.98089
14.76849
15.11066
16.20728
14.87447
16.38138
15.58045
15.81915
16.06262
16.01074
16.80495
16.44864
16.9447
16.15225
17.10739
16.64928
18.07614
16.95229
17.18714
19.74224
18.23732
19.27657
18.47307
19.99251
18.64412
17.79264
17.44345
19.36484
18.82853
18.3087
19.10878
19.16254
20.98949
20.17898
19.42345
20.59929
21.30877
21.07915
21.20582
20.50146
21.05925
21.82536
21.4656
20.82055
21.65753
23.01103
22.80867
21.64263
22.00743
23.92349
23.40673
20.29959
20.10381
22.24403
