13.57788
11.90844
12.62447
12.93199
12.99235
13.57697
13.53637
13.16788
11.81729
12.87441
14.25377
12.92052
13.85287
13.71232
12.2621
13.31179
13.54352
14.28897
13.97625
14.5059
13.58826
14.08536
14.0587
14.0421
14.39434
14.07465
13.93971
15.16972
14.80863
15.95173
14.55146
14.93428
14.53668
15.47486
15.22098
15.82128
15.55152
14.74209
14.99074
15.64558
16.08733
16.81404
15.76346
14.21901
15.81444
16.42722
15.73209
16.02114
15.98529
15.62292
16.53254
15.59043
16.88658
16.58205
15.9641
15.70095
18.06402
15.82435
16.41509
15.51354
16.58728
17.64858
17.45419
17.20304
16.88511
16.46187
16.43636
18.77022
17.87556
16.07866
17.04742
17.41177
16.59741
15.05525
18.62525
17.10121
17.17061
16.57482
17.18688
18.25567
16.59694
18.26809
18.45289
17.72295
17.48439
