19.37037
19.34389
27.22577
28.69406
17.83949
21.18738
20.51768
23.05698
15.01815
17.79283
19.55336
14.323
17.02756
22.29997
16.002
14.33727
21.94283
13.59136
15.41749
11.09307
12.76689
21.64077
12.63481
21.60487
16.30948
12.29428
9.962335
19.63167
20.87485
21.33671
29.60685
24.52292
15.71785
16.65493
11.56475
12.71476
18.36408
21.17837
13.37534
15.4277
18.97075
21.70278
21.41897
24.55311
14.18397
19.44013
18.89721
31.17959
18.53193
19.09123
26.64635
23.74493
23.79422
26.01142
24.02192
22.44182
14.57038
24.82904
23.12599
26.30055
25.01754
33.1745
23.84332
35.22316
33.76156
34.07209
34.53586
39.85671
36.70444
25.89022
25.25736
27.46874
43.11243
27.40769
26.12823
31.59182
33.73092
46.55924
26.25693
30.56365
44.51343
40.64441
22.89574
12.89346
20.8026
