16.41679
13.20467
17.4197
19.08172
19.47182
17.56754
26.96918
22.04904
6.069457
14.80207
21.86715
18.92758
16.07126
20.63821
14.19123
14.89406
17.12383
23.04135
17.35135
18.10536
12.48129
10.50528
8.151465
15.56507
15.44875
18.4431
20.69883
18.64383
22.9812
23.4581
17.86579
17.86547
19.98068
21.46583
21.88862
19.89242
23.10797
22.5284
18.16027
21.97632
23.99868
18.87321
21.76078
11.40166
18.55893
18.19082
12.70956
20.64046
15.16747
13.24804
22.609
17.6413
22.77487
23.04527
15.49635
19.75322
22.24582
18.33856
16.78107
19.09674
14.2392
22.61312
20.24975
23.8234
15.26064
17.78751
14.65617
20.51694
18.38097
13.92344
16.408
15.69647
18.99662
11.09673
22.78516
19.38839
25.81068
18.04425
16.56645
21.93381
19.11674
20.76894
19.31593
25.96649
19.59477
