29.84122
30.26851
37.35055
38.32649
29.78548
32.48143
33.41097
34.55805
26.08724
31.15057
31.93951
27.14435
28.31457
34.86203
29.81347
28.33669
36.62812
26.17015
28.75707
24.26569
25.82649
35.30087
25.17273
34.39032
31.64437
26.4967
24.96377
32.33307
34.72883
35.25514
43.45145
38.17934
30.29905
31.07579
27.64466
27.37265
33.60692
35.82517
28.45465
30.87138
33.35388
37.83807
36.44045
39.83146
29.29317
35.19339
35.24988
46.9521
34.35591
34.78639
44.93314
40.98388
41.9022
42.75905
43.03314
40.19851
32.17044
40.68761
41.48327
42.866
41.67911
49.26967
41.47976
53.71535
51.14863
51.19542
53.02147
58.07552
55.39589
45.72558
44.25183
47.36322
61.16559
47.58286
45.24632
51.08266
54.42934
65.06877
46.62168
50.33974
64.37588
60.96016
41.53442
32.73233
41.64958
