29.63008
25.689
29.5085
31.95185
31.72564
30.4742
38.07412
34.67836
18.57226
27.55289
34.80374
31.05331
29.34319
33.5036
26.5043
27.76021
30.40312
36.15573
30.65876
32.87808
25.61225
24.95362
22.65152
28.95056
29.66962
31.76285
34.04627
33.17946
36.12209
39.31866
31.52228
31.83645
32.9168
35.65856
36.36348
35.02108
36.27066
36.42359
32.26141
36.60409
39.46741
34.9065
36.11944
25.76629
33.56337
33.86523
28.14598
35.52107
31.01919
29.71057
38.35282
32.80451
38.62583
38.63284
31.29417
34.79028
39.36703
33.68138
32.57728
33.19644
30.7327
39.47858
36.86565
39.41814
32.18121
33.65787
31.31984
38.81643
36.17954
29.84821
33.66346
33.17302
35.16454
26.39287
40.7686
35.61008
41.19516
34.14792
33.44578
39.71248
35.11854
38.37607
37.38618
41.52891
35.8806
