9.124168
8.880611
9.1334
10.41971
9.483749
9.726015
10.50615
9.430002
7.414725
8.194272
10.55142
9.223455
9.481142
9.502877
8.456857
9.32346
9.503762
10.43865
9.626854
10.32051
9.035981
8.942175
8.932517
9.799542
9.567365
10.11809
9.774871
9.990524
10.1667
11.27572
9.808961
10.2958
9.891462
10.07794
10.13077
11.05194
11.01465
10.6342
9.769916
10.70055
11.64693
10.21302
10.35941
9.358279
10.70317
10.76318
9.293493
10.43588
9.974957
10.04297
10.87348
11.16659
11.19061
10.45524
9.583171
9.571056
11.18629
10.11424
9.998832
10.05701
9.64954
11.05643
11.96973
10.40603
9.9263
9.945323
9.940543
11.72936
11.49129
10.18806
11.50787
10.86451
11.64731
9.631616
11.23572
10.80622
11.35025
10.36709
10.42429
11.47819
11.05004
11.83023
11.61864
11.80068
11.71567
