9.240714
9.347539
11.51346
10.94478
8.642598
9.993252
9.488446
9.783999
8.895969
9.280557
9.756384
9.243519
9.04854
10.39193
9.145306
9.045914
10.51103
8.721283
10.00751
8.971934
9.369858
11.20297
8.950473
9.714711
9.94206
8.915654
9.844754
10.04564
9.929728
10.14645
11.3536
10.76894
10.24432
10.21129
10.2671
10.33876
11.08738
11.48167
10.25033
10.18421
10.32308
11.70771
12.25261
12.14077
10.96392
11.32501
11.47219
12.90689
10.65895
11.67843
12.60305
12.74917
12.45928
12.92955
12.9911
11.53398
11.41815
12.75947
12.20622
12.38128
12.02544
13.3302
12.34758
13.38029
14.03441
13.92627
13.62907
14.44929
13.85947
13.33326
13.22093
13.85045
17.07981
14.50597
14.14784
14.12416
15.39606
16.23934
13.64859
14.05099
16.05867
15.83218
12.65748
11.99358
13.34176
