7.56335
7.314072
6.663218
6.581924
7.298593
7.350815
7.171722
7.366961
7.753554
7.740627
7.495282
7.254916
7.780889
8.135007
7.034909
7.125188
7.385146
6.762894
7.768476
6.790829
7.304625
7.653288
7.856265
7.190156
8.601531
7.34873
7.169645
8.22032
7.803247
8.698323
7.578446
7.896198
7.773533
8.228519
8.33549
9.27078
8.255168
7.557089
8.65114
8.429462
7.559481
9.080427
8.289486
7.882345
8.082711
8.094732
8.761316
8.390118
8.489207
8.619756
8.64722
7.314666
8.806634
8.544079
8.696812
8.753652
9.755698
8.411831
9.029352
7.929946
9.36784
8.831262
8.327802
9.510257
9.846835
8.889447
8.984074
9.54261
9.228486
8.525243
9.3209
9.117957
8.045824
7.497695
9.509108
9.113817
9.33328
8.779533
9.021763
8.957141
8.00032
9.267148
8.597737
8.029705
8.309318
