7.304261
7.469146
5.278693
6.119617
7.633768
6.492904
7.753185
7.669996
7.562352
8.084064
7.598298
7.639805
7.096163
7.448482
7.808971
8.165724
8.569261
8.231657
7.504981
7.888438
7.665434
7.368707
8.618248
8.259605
8.96064
8.834524
8.473032
8.221636
9.254527
8.884625
8.68878
8.130414
8.091774
8.489172
9.566437
8.992551
9.584263
8.696487
9.39465
8.928006
9.019006
8.547633
7.784222
8.537579
8.40791
8.843319
8.833646
8.550312
9.284256
9.087843
10.42921
9.06847
10.22803
9.837658
10.11124
10.41221
9.946708
8.444821
10.40484
9.504813
9.912755
9.345046
10.46489
10.99318
9.657567
9.03205
10.21061
10.20403
10.39852
11.21879
11.73949
11.66418
8.606597
10.3692
9.942188
10.13061
10.83458
9.375633
10.79135
10.75858
10.47337
10.34892
10.22136
10.31755
11.5034
