5.658029
5.000438
5.347327
4.76768
4.848231
4.882629
5.04009
4.761316
4.81177
5.078068
5.106813
4.801285
4.533116
4.781567
4.878355
5.005698
5.81428
4.965398
5.239988
5.274679
4.960542
5.455108
5.245298
5.193482
5.870204
5.300832
5.473171
5.137918
5.458035
5.722964
5.785124
5.634873
5.814275
5.662978
6.199993
7.004426
6.510084
6.256588
5.94312
6.211733
6.471112
6.881561
6.583714
6.325612
6.875068
6.780141
6.737946
6.70018
6.493903
6.911592
7.244938
7.35845
7.216637
6.489401
8.235838
7.169243
7.040447
7.031794
7.60667
7.789521
7.425575
7.435416
7.904917
8.5932
7.816031
8.012471
8.500398
8.033481
8.508225
8.222324
10.2398
9.105586
8.943653
8.870309
9.204722
9.44264
9.925153
9.075624
9.07941
9.326589
9.53021
10.38081
8.971659
9.208584
9.583969
