6.021583
5.246558
4.962379
5.248775
4.897846
5.391277
4.849071
4.943433
4.750814
4.709598
5.28597
4.750051
5.287272
4.854591
4.658815
5.125456
4.825923
5.530107
5.242112
5.773267
5.194204
5.671425
5.619564
5.540478
5.311668
5.325693
5.226641
5.476602
5.196458
5.797274
5.523555
5.508321
5.44768
5.94053
5.728477
7.05758
5.991827
5.685401
5.783766
5.578944
6.135935
6.816124
5.839144
5.393778
5.744489
6.258942
6.09599
6.190727
6.125069
6.185974
6.292412
5.87965
6.092568
6.219979
6.168028
6.064638
6.422066
5.893868
6.141521
5.621202
6.269669
6.747705
6.591767
6.388937
6.412642
6.390666
6.480852
6.923102
6.946233
6.239992
8.131761
7.729509
6.982664
6.365816
7.316564
6.844247
6.51898
6.385301
6.414108
6.726989
6.526288
6.69904
7.429708
6.66249
6.639862
