21.39025
20.95133
20.98909
20.53878
19.88106
20.39953
20.71436
20.93825
19.85358
21.6221
21.68065
20.78454
19.72496
21.76921
20.65691
21.17253
23.94274
20.72455
21.90242
20.95685
21.06499
22.85444
21.11615
21.8955
23.69731
21.80943
22.77353
21.83222
23.03574
23.62881
24.67984
23.51281
23.27235
23.36691
24.78552
25.89758
26.31349
24.94168
24.5128
24.64816
24.89633
26.164
26.00234
26.0948
25.53426
26.24269
25.77505
27.37904
25.7774
26.75617
29.37723
28.2907
28.93428
28.04532
30.29318
28.33058
27.72266
27.43125
29.25545
29.09685
28.54461
29.54478
29.74407
31.80171
30.66239
30.25778
31.61493
31.78559
31.93905
31.98093
34.58528
33.74459
34.15001
32.9997
32.47887
33.20537
35.17691
34.22017
33.12678
33.55511
35.4624
35.87782
31.03657
31.03409
33.65017
