21.88847
19.50303
20.15451
20.7127
20.26143
21.19093
21.0269
20.42432
18.40532
19.79872
22.23047
20.22599
21.53259
21.12142
19.13836
20.698
20.74283
22.13304
21.44041
22.04668
20.81958
21.56358
21.5612
21.7925
21.93823
21.84293
21.3915
22.65494
22.29852
24.12957
22.01212
22.74513
22.17947
23.30662
23.23951
26.47255
23.99664
22.87334
22.7773
23.54441
24.5744
25.00643
23.546
21.66185
23.89438
24.43097
23.41846
24.11879
23.94664
23.63455
24.84928
23.64773
25.04243
24.36526
23.71626
23.27651
26.34856
23.55388
24.33256
23.08081
24.6921
25.96963
26.02302
25.09053
24.82347
24.42101
24.57856
27.26172
26.56002
23.95303
28.20074
26.85554
25.5677
22.87951
27.2415
25.5414
25.46207
24.63859
25.12627
26.58409
24.851
26.71506
26.78686
25.99483
25.89991
