19.57019
16.20218
20.40312
22.61901
22.40921
20.69755
30.2636
25.30356
7.385272
16.66562
24.77508
21.85186
18.54971
23.49099
16.71198
17.33247
19.75824
26.21582
19.79062
21.17468
14.56895
12.33613
9.744698
17.98126
17.51456
21.054
23.49906
20.99011
25.35122
26.33667
20.29377
20.27939
22.32352
24.17057
24.44726
25.82684
27.27074
25.82958
20.73371
24.87275
27.08216
21.4128
24.15038
13.32802
20.87126
20.68088
14.23732
22.70534
17.36259
15.27037
25.07124
20.07897
25.47537
25.51049
17.39809
21.73648
24.64908
20.55261
18.75553
20.89866
15.84908
24.80649
22.81434
26.0223
16.96151
19.63034
16.48468
23.08966
20.66669
15.70344
21.62288
18.86176
22.4526
13.31743
25.05054
21.75623
28.27938
20.4149
18.60423
24.22354
21.62703
22.98665
21.84571
28.48839
21.88254
