22.44873
22.38816
31.61884
32.38975
20.6991
24.39159
23.51637
25.70475
17.27149
20.22748
22.50545
16.58655
19.40465
24.9913
18.33917
16.63137
24.75243
15.51001
17.73773
12.92583
14.73804
24.42505
14.42264
24.1002
18.71158
13.83698
11.53082
21.86327
22.85237
23.39149
32.19439
27.0722
18.13406
18.37812
13.38536
16.59138
21.42216
24.19912
15.3774
17.2357
21.03354
24.18983
24.20185
27.38133
16.03258
21.75796
21.48969
33.82366
20.05456
20.91836
29.08975
26.26194
26.15331
28.49342
26.98779
24.42016
16.15093
27.49533
25.32339
28.50015
27.05923
35.68977
25.90663
37.69436
36.48457
36.72865
37.01063
42.4301
39.6229
28.12974
32.46209
31.87585
47.64158
31.105
29.34169
34.69598
37.12515
50.30213
28.86188
32.85039
47.54128
43.83982
24.75487
14.33177
22.65019
