41.21703
36.37438
40.13649
43.61888
41.95634
41.28881
48.8562
45.33482
26.41519
36.42111
45.84108
41.34163
39.73625
43.90746
35.97372
37.72305
40.44547
47.27179
40.7232
43.98472
35.02665
34.50846
32.00116
39.26383
39.44534
42.37891
44.46947
43.0858
46.11951
50.74461
41.55629
42.06665
42.91963
46.1689
47.0357
51.99863
48.69199
47.97552
42.66248
47.30255
51.14053
45.74286
46.39778
35.13621
44.13491
44.61417
37.30724
45.83355
41.23673
40.09287
49.23209
43.53082
49.44905
48.93973
40.99821
44.32295
50.14408
43.74971
42.53618
42.59302
40.49049
50.05993
48.03232
49.42061
41.89632
43.50707
41.47774
50.06978
47.49162
39.57804
50.39025
46.13228
47.66093
36.48786
51.9388
46.41232
51.89987
44.53535
43.43966
50.49759
45.91047
49.10316
48.51906
52.42746
46.71854
