41.00986
40.98572
50.31432
49.84001
40.22387
43.23932
44.13783
44.80887
36.13614
41.23827
42.83083
36.90418
37.87436
45.00462
39.48374
38.34556
47.77904
35.80688
39.19495
33.72201
35.68775
46.79553
34.64502
44.87841
42.54984
35.66386
34.62161
42.38795
44.77293
45.62364
54.517
49.1808
41.19894
41.07358
37.99196
42.06584
46.4468
48.05358
38.97489
41.21165
44.07108
49.73239
48.96761
51.84915
40.50642
46.64786
47.06042
58.9665
44.70151
46.19082
56.99712
53.65642
53.90637
54.87147
56.22636
51.87375
43.74454
53.35856
53.55747
55.29421
54.05117
62.2355
54.18416
67.14141
64.35781
64.83926
66.58751
71.20429
69.1918
58.69822
65.16798
64.38497
77.82664
62.89973
60.0978
65.71276
69.97951
80.15461
60.6304
64.11875
78.87882
76.60157
54.10972
45.19061
54.84683
