5
9
12
13
32
33
34
48
51
55
58
61
64
75
77
79
85
99
100
101
102
103
104
105
106
107
108
109
116
119
121
122
123
124
126
127
128
132
133
143
144
145
154
157
158
159
160
161
162
163
164
165
166
168
170
203
205
207
224
225
226
230
248
251
252
296
297
298
301
302
303
304
305
306
307
308
324
325
326
327
328
329
330
331
332
333
334
335
336
338
340
346
348
371
372
373
397
418
423
443
445
447
449
462
464
465
466
489
502
503
511
512
513
515
516
517
518
519
520
521
522
523
524
525
527
528
533
537
540
552
553
554
555
557
581
582
583
584
585
586
601
602
603
604
637
644
645
646
647
648
650
661
664
665
669
675
