-3.326092
-3.879135
-3.440486
-4.357571
-3.504691
-3.847601
-4.229634
-4.146202
-2.330473
-2.222136
-3.812812
-3.410725
-3.245444
-3.431282
-3.153452
-3.328776
-3.414044
-4.34132
-3.34383
-4.356177
-3.009836
-2.87614
-2.860076
-3.865202
-3.148763
-4.314448
-3.945869
-3.221326
-3.371237
-4.250741
-3.699169
-3.76377
-3.708216
-3.671492
-3.556018
-3.933342
-3.950234
-3.882934
-3.065288
-3.938901
-4.77629
-3.565822
-3.570806
-3.281179
-3.869584
-3.939493
-2.976337
-3.773745
-3.462356
-3.624094
-4.171254
-4.651013
-4.171448
-3.660916
-3.106266
-3.17364
-3.730354
-3.711714
-3.27769
-3.500725
-2.664068
-3.68711
-4.77611
-3.356083
-2.944655
-3.407733
-3.152696
-4.010941
-4.300019
-3.447239
-4.313566
-3.69477
-4.943209
-3.313817
-3.506923
-3.778416
-4.022417
-3.919491
-3.115485
-3.846047
-4.412412
-4.125606
-4.492149
-4.381161
-4.250152
