12
13
14
15
16
17
18
21
22
23
25
26
32
35
36
50
69
73
74
75
76
77
79
80
81
82
83
84
85
86
87
88
89
90
91
92
93
94
111
128
129
130
131
132
134
137
144
146
152
157
158
164
172
177
219
220
221
222
229
232
234
236
238
241
243
256
257
263
264
265
266
272
278
287
326
327
328
329
331
332
333
334
335
336
337
338
339
340
341
342
343
345
346
347
348
349
350
351
352
353
354
359
360
361
362
363
364
365
368
384
385
386
387
389
390
394
395
412
413
414
416
433
434
435
438
439
441
442
443
444
445
446
448
450
451
452
453
454
455
456
460
465
493
494
498
499
500
501
509
510
511
519
520
533
538
552
554
