1.191553814169303394e+01
1.163015277116040025e+01
1.501975353486664133e+01
1.211821572086854992e+01
2.125078922031450901e+01
1.613616851090593229e+01
1.109825961421637430e+01
3.469674244539727059e+00
6.661576814558903159e+00
2.740613322866164658e+00
1.631499951182133756e+01
nan
nan
nan
nan
nan
nan
nan
9.976803134245075810e+00
nan
nan
nan
nan
nan
5.919000471571970223e+01
1.157795511616029103e+02
5.786297369351746056e+01
1.689007190826481164e+01
nan
5.939767780938768738e+01
1.200902098632274715e+02
nan
nan
4.784326754493906719e+01
6.153899661482110162e+01
4.323141713818323240e+01
5.911406979508706883e+01
nan
nan
8.087951214427258151e+01
4.354602161607708410e+01
7.465577256662508887e+01
nan
nan
nan
nan
nan
1.554879103368902449e+01
nan
nan
nan
nan
nan
nan
nan
nan
nan
nan
nan
nan
nan
nan
nan
nan
8.274793815463471702e+00
2.054040334392970379e+01
5.145877323648979207e+00
1.980716176703900189e+01
3.335560866528670942e+01
2.082517164153924583e+01
1.508849571996193006e+01
2.210869388387476775e+01
2.116263563987010343e+01
1.990062215191949946e+01
2.485012745092306474e+01
8.770909078108253709e+01
3.573231240085790006e+01
2.051444692082591104e+01
3.335316902367512881e+01
3.737051512366448947e+01
nan
4.653521979019548382e+01
6.612605606594300411e+01
8.631525419256323062e+01
2.043859950557522964e+01
2.777541579875216371e+01
2.696684448236099385e+01
2.010034040152525137e+01
1.501831704280038515e+01
1.532376786790637446e+01
1.767944291526026035e+01
1.529850297898008726e+01
2.479812900508776607e+01
1.948025748848522909e+01
2.271832908028282105e+01
1.697221397416690181e+01
1.961931700486739771e+01
nan
nan
nan
nan
nan
nan
1.411707299223760970e+01
nan
6.699671632973351620e+01
7.550533039529797463e+01
4.410705078813428059e+01
2.742775895717156942e+01
7.637891141789066296e+01
nan
5.334437042127808581e+01
nan
4.706111510029200673e+01
4.198184120820384635e+01
5.240111054962454773e+01
6.413905751124917742e+01
nan
4.701523543522545623e+01
3.549998189073073007e+01
nan
nan
6.267624338275017237e+01
4.160927056413890313e+01
nan
1.798677277748840098e+01
2.236797812439692734e+01
6.448885621312794569e+01
6.628489564748431917e+01
nan
4.903894056520633171e+01
2.463221321500347116e+01
5.511501886399321393e+01
5.220305599676059671e+01
nan
3.309742559794192829e+01
2.988201926549429999e+01
5.616695150296322225e+01
3.249523770244735488e+01
7.796350249417371003e+01
2.223039368303741270e+01
3.822169021611566109e+01
3.837560406792587031e+01
2.542158691702935869e+01
6.978252732666990710e+01
6.822731217679381643e+01
5.580275437952217032e+01
4.965021376617145421e+01
5.068188204459362112e+01
6.268916800664942457e+01
5.071332321514963581e+01
6.268551657583579839e+01
6.380119231050841222e+01
nan
nan
nan
nan
1.807610098320710890e+01
9.761477157950485761e+00
1.991884157042292358e+01
nan
nan
1.698204843650542628e+01
nan
nan
nan
3.799809735980119285e+01
nan
2.935493375891787693e+01
nan
8.274631651248132158e+00
nan
nan
nan
nan
nan
nan
2.556025909309814992e+01
1.996474844294877826e+01
5.557225544273953943e+01
4.573258137187556827e+01
4.073869584929504839e+01
nan
3.636068181427229717e+01
4.525777946987136602e+01
2.971614836413239047e+01
2.653443120342905104e+01
nan
4.955088374627152348e+01
nan
4.171083669597962285e+01
4.194158499282458052e+01
4.457160094407549877e+01
3.086160942570858268e+01
4.957728427925550108e+01
3.433338323016328530e+01
4.778010645059482897e+01
4.244097506718912172e+01
5.917479830808965602e+01
2.157952521310460625e+01
3.492945609711486554e+01
2.553796192155946798e+01
6.558274207509620624e+01
3.426230011562479660e+01
nan
nan
nan
nan
nan
nan
nan
nan
nan
nan
nan
nan
nan
nan
nan
nan
nan
5.507827906826361186e+01
nan
nan
nan
nan
nan
nan
nan
nan
nan
nan
nan
nan
nan
nan
nan
nan
nan
2.807675460797594980e+01
2.819105312647195660e+01
nan
2.073415413603852642e+01
1.413578917291750159e+01
7.342573482036513610e+00
1.664280268112365846e+01
1.732859030481503737e+01
2.340257595521191547e+01
1.903151869672243635e+01
2.484564890421544803e+01
2.459300506959088040e+01
2.557322498404939282e+01
3.039469225101008831e+01
2.691486937651674083e+01
2.093927745624019110e+01
6.899038337501094986e+01
2.795123146042023166e+01
2.918038669584861111e+01
4.321588276480556345e+01
1.783224119144840003e+01
5.410722374021840153e+01
nan
3.073369426203814214e+01
2.444223742497782936e+01
2.830212896470424866e+01
4.373806961009283611e+01
4.816525294654869782e+01
3.064257543119848393e+01
4.245966371773366177e+01
1.556720827501580473e+01
2.856804107970805973e+01
2.077612024069337338e+01
4.711255235586747858e+00
1.419404706686249185e+01
4.280726819207095701e+01
6.262946781045085487e+01
6.965728377439076269e+01
1.772813197823779063e+01
3.318145099882106308e+01
7.788260466747354371e+01
2.868055216202296975e+01
3.266286623999096150e+01
4.750651622002102670e+01
2.940513516582230835e+01
1.339844174415780209e+01
nan
nan
3.717776098838822918e+01
nan
1.172652175136943420e+01
2.993789600831037490e+01
3.514754332893316757e+01
2.013247182614092523e+01
4.421770948717971805e+01
7.452870032824749558e+01
3.530397019011546433e+01
4.439376708920725889e+01
4.900401606479655214e+01
6.196486485939797717e+01
nan
1.874602391705001025e+01
nan
nan
3.860573494707382736e+01
6.942885542617973726e+01
4.439359124983228355e+01
1.169295881253888503e+01
3.967956690330369351e+00
3.247172387112640735e+01
1.696304386186287161e+01
4.826081212961194211e+01
7.466535251895210479e+01
7.404931900808699652e+01
2.724909612673190651e+01
9.876890205674295942e+01
1.044438966590546300e+02
1.048703554606930908e+02
4.075425374321267213e+01
1.453858496892561369e+01
4.271442673047393157e+01
2.194446096799540413e+01
4.508598330401685672e+01
2.062328875897406277e+01
8.239868116928774100e+01
8.684075619977177496e+01
6.861321680053873706e+01
1.382363044607393476e+01
2.801773475385882151e+01
1.902242120789851398e+01
2.691472962314104578e+01
2.048098475045884470e+01
3.495715873506302529e+01
1.799080382577848525e+01
8.296233519219098795e+00
1.258202491561140945e+01
1.745108043473060633e+01
9.932635850675149314e+00
6.175284435037131203e+00
6.940946167424280588e+01
nan
3.076437515543057799e+01
2.292742368933122776e+01
1.599596100298409063e+01
1.910078455427522570e+01
2.020735804457595464e+01
2.621580384299818078e+01
1.121682876818815444e+01
3.696282742398115317e+01
1.560949564948221102e+01
1.555037951342099589e+01
6.157354711422338589e+00
5.780865827266718604e+00
2.514668506110850288e+01
nan
