8.358276999999999290e+00
3.418813358337992270e+01
3.418813358337992270e+01
3.418813358337992270e+01
3.418813358337992270e+01
1.741072326331545739e+01
3.599027716049540970e+01
1.576231130728133678e+01
3.935817150725713276e+01
3.599027716049540970e+01
3.935817150725713276e+01
nan
nan
nan
nan
nan
nan
nan
3.338112059108723884e+01
nan
nan
nan
nan
nan
2.985375371866613392e+01
3.599027716049540970e+01
8.806264237487022228e+01
1.576076754446076222e+01
nan
3.804771300000000167e+01
1.906304425581513939e+01
nan
nan
7.336680979228242805e+00
7.336680979228242805e+00
7.700305401114530213e+00
7.700305401114530213e+00
nan
nan
1.283261100000000177e+01
8.251951999999999288e+00
2.903155559141646691e+01
nan
nan
nan
nan
nan
1.037406462698396403e+01
nan
nan
nan
nan
nan
nan
nan
nan
nan
nan
nan
nan
nan
nan
nan
nan
8.147781999999999414e+00
3.697309000000000179e+00
8.358276999999999290e+00
8.358276999999999290e+00
1.954184181505628715e+01
1.954184181505628715e+01
1.954184181505628715e+01
1.954184181505628715e+01
1.954184181505628715e+01
1.954184181505628715e+01
7.958386099183900342e+01
4.398874200000000201e+01
1.636592593086961500e+01
3.930659201522868784e+01
1.617293236852134797e+01
4.677129709355057940e+01
nan
5.127749447845380359e+01
9.463790717929910556e+00
2.708528234786831845e+01
1.954184181505628715e+01
3.442307011020176333e+01
3.442307011020176333e+01
5.812850099223958011e+01
4.977714875634976721e+01
6.150223026647617530e+01
1.954184181505628715e+01
1.954184181505628715e+01
4.172496092245465604e+01
4.172496092245465604e+01
1.954184181505628715e+01
2.224807382421055379e+01
1.954184181505628715e+01
nan
nan
nan
nan
nan
nan
7.290394619106022489e+00
nan
1.174259729575381250e+01
1.581052063775148753e+01
2.401552987203935885e+01
3.857649906024082043e+01
8.806264237487022228e+01
nan
3.857649906024082043e+01
nan
4.110230347828197495e+01
4.110230347828197495e+01
4.053391463009195661e+01
4.151057691356621149e+01
nan
4.122035742800601099e+01
1.900789841156145954e+01
nan
nan
1.631546527291701310e+01
8.334366466447885813e+00
nan
4.053391463009195661e+01
4.053391463009195661e+01
7.336680979228242805e+00
7.700305401114530213e+00
nan
8.806264237487022228e+01
1.271738619506058932e+01
1.204556428463926210e+01
1.204556428463926210e+01
nan
6.450997583738767105e+01
1.271738619506058932e+01
1.204556428463926210e+01
1.204556428463926210e+01
7.336680979228242805e+00
7.700305401114530213e+00
7.700305401114530213e+00
7.700305401114530213e+00
7.700305401114530213e+00
7.700305401114530213e+00
7.700305401114530213e+00
7.700305401114530213e+00
7.700305401114530213e+00
7.336680979228242805e+00
7.336680979228242805e+00
7.336680979228242805e+00
7.336680979228242805e+00
7.336680979228242805e+00
nan
nan
nan
nan
3.260777754894094471e+01
4.615509480570569423e+01
4.263608420363279095e+01
nan
nan
3.151239870251964348e+01
nan
nan
nan
7.739905575174174146e+01
nan
7.042471544449341536e+01
nan
4.245393684000364232e+01
nan
nan
nan
nan
nan
nan
2.906223316998921646e+01
2.906223316998921646e+01
2.906223316998921646e+01
2.906223316998921646e+01
4.048056108937323927e+01
nan
4.048056108937323927e+01
4.048056108937323927e+01
4.048056108937323927e+01
4.048056108937323927e+01
nan
4.048056108937323927e+01
nan
4.637173400000000356e+01
1.681617999999999924e+01
4.758817600000000425e+01
8.439346999999999710e+00
4.480834300000000070e+01
1.775789200000000179e+01
1.671250399999999914e+01
3.964013899999999779e+01
3.825454892102714410e+01
1.599338599999999921e+01
1.668007899999999921e+01
1.761262399999999673e+01
3.964013899999999779e+01
1.737196199999999990e+01
nan
nan
nan
nan
nan
nan
nan
nan
nan
nan
nan
nan
nan
nan
nan
nan
nan
2.030380109503777675e+01
nan
nan
nan
nan
nan
nan
nan
nan
nan
nan
nan
nan
nan
nan
nan
nan
nan
1.611012300000000153e+01
9.965467999999999549e+00
nan
5.070238873778596655e+01
5.070238873778596655e+01
5.070238873778596655e+01
5.070238873778596655e+01
3.959701200619687000e+01
5.641246929698884571e+01
5.070238873778596655e+01
5.070238873778596655e+01
3.619542550625980226e+01
3.619542550625980226e+01
3.693976857064834007e+01
3.693976857064834007e+01
3.693976857064834007e+01
1.710498400000000174e+01
9.477059999999999818e+00
9.477059999999999818e+00
9.477059999999999818e+00
8.756460999999999828e+00
8.756460999999999828e+00
nan
1.629026253474272323e+01
1.817009999999999792e+01
2.199647465965058757e+01
1.333405899999999988e+01
1.232622499999999910e+01
2.191268499347336629e+01
5.618512466636184399e+01
3.082709021988892673e+01
2.472339738016656341e+01
2.472339738016656341e+01
1.697541400000000067e+01
1.697541400000000067e+01
1.825532600000000372e+01
1.693739899999999921e+01
1.486477899999999863e+01
1.395587499999999892e+01
9.140999999999999126e-01
1.844009600000000404e+01
1.549408100000000132e+01
1.549408100000000132e+01
1.686128065701195311e+01
1.722783499999999890e+01
1.415160329300444531e+01
nan
nan
1.511522432891445611e+01
nan
1.035832000000000086e+00
1.623004900000000106e+01
1.991554599999999908e+01
1.733274400000000171e+01
6.721379999999999910e+00
6.721379999999999910e+00
2.171219900000000180e+01
1.722783499999999890e+01
1.722783499999999890e+01
2.253062100000000001e+01
nan
4.436631355985849723e+01
nan
nan
8.382898863452911087e+01
1.386810333214693003e+02
4.195350511892426937e+01
4.195350511892426937e+01
2.406093571587860325e+01
2.406093571587860325e+01
2.062810804362058192e+01
1.610552999999999901e+00
1.386810333214693003e+02
8.044216800125501265e+01
2.034160853782586287e+01
1.386810333214693003e+02
3.050503060406054701e+01
4.195350511892426937e+01
2.034160853782586287e+01
2.034160853782586287e+01
4.360371435508706384e+01
2.145982884368271471e+01
5.142929873411047481e+01
5.142929873411047481e+01
4.195350511892426937e+01
4.195350511892426937e+01
3.050503060406054701e+01
2.034160853782586287e+01
2.406093571587860325e+01
2.226163977218230983e+01
2.054226556523190439e+01
9.785128000000000270e+00
2.229710406622963959e+01
9.785128000000000270e+00
9.785128000000000270e+00
2.332518434705931298e+01
2.332518434705931298e+01
2.332518434705931298e+01
1.825204079326553241e+01
2.332518434705931298e+01
nan
2.332518434705931298e+01
3.647961331269886642e+01
1.529094299999999862e+01
1.549752497444722366e+01
1.415160329300444531e+01
1.415160329300444531e+01
1.993229331851724595e+01
1.610552999999999901e+00
1.827416209516843182e+01
1.827416209516843182e+01
1.836151163269173381e+01
1.836151163269173381e+01
1.836151163269173381e+01
1.836151163269173381e+01
