1
2
3
4
5
6
7
8
9
10
11
20
27
28
29
30
33
34
42
45
46
47
70
71
72
78
95
96
97
98
99
100
101
102
103
104
105
106
107
108
109
110
112
113
114
115
116
117
118
119
120
121
122
123
124
125
126
127
135
138
139
140
141
142
145
147
148
149
151
153
154
159
163
165
166
169
171
173
174
175
176
178
179
180
182
183
184
186
187
188
189
190
191
192
205
214
215
216
217
223
224
227
233
239
242
245
267
268
269
270
271
274
275
276
277
280
289
290
291
292
293
294
318
319
320
321
322
323
324
325
344
366
367
369
370
371
372
373
374
375
376
377
378
381
382
383
388
391
392
393
396
402
403
404
406
407
411
415
440
449
459
469
480
487
489
490
491
492
496
497
502
503
506
507
508
512
514
515
516
521
522
523
524
525
526
539
541
542
545
551
553
555
556
557
558
559
561
