0.8107524
0.8077564
0.9381897
1.824629
1.468479
1.334953
2.31329
1.376998
0.2559311
0.5693725
1.760961
1.094673
1.057188
1.276856
0.8873338
1.018422
1.182604
1.373334
1.01985
1.734136
0.7544276
0.7119319
0.7702032
1.053938
1.239504
1.485591
1.190513
1.323707
1.492618
1.896986
1.038408
1.056815
1.084546
0.9513373
1.051068
1.392776
1.514783
1.426539
1.029317
1.340087
1.765373
0.8483584
1.329543
0.631973
1.438053
1.464185
0.5047362
1.375419
0.8471568
0.96447
1.353375
1.678572
1.318275
1.051779
0.4308643
0.6572606
1.407361
0.9419907
0.800562
0.996112
0.5122984
1.368957
1.769597
1.283199
0.7726796
0.8756506
0.7826795
1.506845
1.605919
0.9928553
1.405695
1.027031
1.393308
0.6863081
1.293158
1.088497
1.475827
0.9502008
0.8349396
1.414385
1.268398
1.566906
1.439958
1.435998
1.412536
