0.9076682
1.059898
2.345108
1.972278
0.6616134
1.629851
1.365939
1.273959
0.7837574
1.083805
1.104965
0.8654035
0.9745324
1.649651
1.166326
0.8278914
1.452774
0.454122
1.172311
0.6139091
0.8114749
2.065144
0.538732
1.141561
0.8492866
0.5721096
0.7795617
1.093651
0.7997112
0.9177013
1.760834
1.20331
0.7388084
0.852828
0.7274743
0.5587742
1.0469
1.299353
0.5568021
0.5704816
0.7197818
1.601458
1.601246
1.69779
0.777033
1.118948
1.235749
2.147368
0.8437709
1.474455
1.437176
1.530269
1.380443
2.117514
1.541989
0.8037914
0.6239538
1.530632
0.9960207
1.207035
1.062669
1.734928
1.242497
1.642669
2.222735
1.836758
1.543341
2.647911
1.800024
1.202617
0.8664808
1.274174
3.309484
1.971373
1.734016
1.60818
2.247236
3.304928
0.958037
1.263283
3.023635
2.421562
0.9879906
0.3881029
1.220157
