-1.374175
-0.86036
-1.36538
-1.68028
-0.7258593
-1.292459
-1.099224
-1.079593
0.1158589
-0.5445204
-1.617347
-1.18335
-1.027787
-0.4160703
-0.9241396
-1.371777
-1.187889
-2.522158
-1.159206
-1.817172
-1.282139
-1.06081
-1.103509
-1.989821
-0.3287206
-2.042325
-1.598238
-0.8390121
-1.404841
-1.341839
-1.69648
-1.749494
-1.648107
-1.345075
-1.253741
-1.065688
-1.121868
-1.357523
-0.5578913
-1.20588
-2.476722
-1.108663
-1.290906
-1.226331
-1.822794
-1.814602
-1.064643
-1.485119
-1.467786
-1.194827
-1.625698
-2.610147
-1.7708
-1.707059
-1.232553
-0.8620476
-1.020601
-1.449523
-1.254779
-1.410651
-1.055762
-1.644379
-2.457058
-0.598008
-0.532202
-1.475415
-1.185247
-1.835616
-1.87108
-1.45778
-1.749614
-1.416917
-2.355229
-1.537156
-1.19184
-1.54964
-0.7963913
-1.698822
-1.340197
-1.693143
-2.440252
-1.826137
-2.373226
-2.647356
-2.290706
