-1.464317
-1.196601
-3.273079
-2.1561
-0.6443183
-1.66663
-0.8360355
-0.9354289
-0.702858
-0.8432442
-1.490754
-1.0095
-1.243077
-1.188226
-0.4094746
-0.8084523
-1.406442
-0.5411391
-1.585072
-1.060444
-1.457371
-1.712166
-0.208971
-0.9121747
-0.8589691
-0.1413237
-1.314187
-1.291872
-0.5315888
-1.023466
-1.290209
-1.737751
-1.743595
-1.250923
-1.107569
-1.366601
-1.352744
-1.462125
-0.834121
-1.400503
-1.421379
-2.156925
-3.001158
-2.341015
-2.228387
-2.530456
-1.843273
-2.779094
-1.07452
-2.187341
-1.667141
-2.65834
-1.711929
-1.631428
-2.61791
-1.265539
-1.669412
-3.070433
-1.914606
-2.869636
-2.083713
-2.874322
-1.672317
-1.71126
-3.101724
-3.390929
-2.667139
-2.424414
-2.857106
-1.609615
-2.020063
-2.058911
-4.721923
-2.525914
-3.233231
-3.265091
-2.984861
-4.279993
-2.97371
-2.909151
-3.745588
-4.341703
-2.35957
-2.349585
-2.195359
