-1.258287
-1.800787
-0.9610013
-1.239156
-0.522378
-1.099646
-0.155241
-0.8943206
-0.9957434
-0.6836809
-0.8185901
-0.9702751
-0.9028449
-0.3857314
-0.9522971
-1.100596
-0.8760019
-1.621531
-1.16431
-0.8051716
-1.133833
-0.9420975
-1.062035
-1.54866
-0.5086223
-1.40608
-1.066501
-0.4296721
-0.6648648
-0.9235709
-1.415826
-1.522216
-1.352094
-1.182378
-1.030661
-0.5117074
-0.6878972
-0.8872514
-0.8478854
-0.9082652
-1.347737
-1.246147
-0.7821549
-1.443057
-0.9341518
-0.9341893
-1.195457
-0.8934909
-1.154534
-1.312323
-1.131355
-1.536686
-1.369657
-1.371566
-1.419354
-1.184337
-0.5131864
-1.244842
-1.175906
-0.9736525
-1.032607
-0.8300483
-1.436963
-0.4024457
-1.012623
-1.286417
-1.13921
-1.15301
-1.24142
-1.351703
-1.266928
-1.111573
-1.976546
-1.372731
-0.5953287
-1.534036
-0.9435753
-1.546034
-1.125164
-0.7595052
-1.790528
-1.217548
-1.676816
-1.603439
-1.511998
