-1.256817
-0.893243
-1.94572
-1.33061
-1.06306
-0.8685206
-0.8563551
-0.8385757
-1.187749
-0.4532759
-1.07835
-0.9277261
-1.105702
-0.2992435
-0.2848525
-0.8805998
-0.7687446
-1.137067
-1.154773
-1.495518
-1.447487
-0.6755235
-1.198845
-0.9582405
-0.9634416
-0.6812645
-1.365118
-1.613221
-1.17659
-1.112577
-0.5786241
-1.40969
-1.768853
-1.261238
-1.494122
-1.580468
-1.028342
-1.500174
-1.235849
-1.397632
-1.508903
-1.401172
-1.888648
-1.420581
-2.044221
-2.004595
-1.723798
-1.288838
-0.7628573
-1.506831
-0.9903634
-1.867336
-1.192384
-0.63004
-1.986238
-1.095328
-1.601633
-2.225329
-1.745142
-2.082481
-1.713439
-1.598783
-1.305436
-1.076276
-1.58406
-2.142739
-1.716873
-0.5487487
-1.750565
-1.091964
-1.81912
-1.50334
-1.772129
-1.186535
-2.165182
-2.022661
-1.589457
-1.312195
-2.296774
-2.102401
-1.185223
-2.467427
-2.013262
-2.332733
-1.61719
