19.37036
19.34387
27.22577
28.69403
17.83949
21.18738
20.51767
23.05698
15.01811
17.79284
19.55337
14.32299
17.02756
22.29997
16.002
14.33728
21.94284
13.59137
15.4175
11.09307
12.7669
21.64077
12.63481
21.60488
16.30948
12.29428
9.962332
19.63165
20.87486
21.33672
29.60684
24.52292
15.71786
16.65493
11.56476
12.71476
18.36408
21.17836
13.37534
15.4277
18.97075
21.70277
21.41896
24.55311
14.18397
19.44013
18.89721
31.17959
18.53193
19.09123
26.64635
23.74493
23.79423
26.01142
24.02192
22.44183
14.57038
24.82905
23.12599
26.30054
25.01755
33.1745
23.84332
35.22316
33.76155
34.0721
34.53586
39.8567
36.70444
25.89022
25.25736
27.46875
43.11242
27.40769
26.12823
31.59182
33.73093
46.55924
26.25693
30.56365
44.51343
40.64442
22.89575
12.89346
20.80259
