16.4168
13.20467
17.41969
19.08172
19.47181
17.56754
26.96918
22.04904
6.069458
14.80207
21.86715
18.92757
16.07126
20.6382
14.19123
14.89407
17.12383
23.04135
17.35135
18.10536
12.48129
10.50528
8.151465
15.56507
15.44875
18.4431
20.69883
18.64383
22.9812
23.4581
17.86579
17.86547
19.98068
21.46583
21.88863
19.89241
23.10797
22.5284
18.16026
21.97631
23.99868
18.8732
21.76079
11.40166
18.55893
18.19082
12.70957
20.64046
15.16746
13.24804
22.609
17.6413
22.77487
23.04526
15.49635
19.75322
22.24582
18.33856
16.78107
19.09674
14.23921
22.61312
20.24975
23.82339
15.26064
17.78751
14.65616
20.51693
18.38096
13.92344
16.408
15.69647
18.99662
11.09673
22.78515
19.38839
25.81068
18.04425
16.56645
21.93381
19.11675
20.76894
19.31593
25.96648
19.59477
