14.2958
11.54356
15.47192
17.35532
17.78583
15.34059
24.01158
20.14054
5.330002
13.51648
19.33003
16.678
14.10071
18.95091
12.90265
12.88551
15.51076
19.71759
15.06594
17.09477
10.43852
9.469408
7.075314
12.8637
14.3624
15.80108
18.59272
17.11636
20.13511
21.93271
15.05352
14.91894
16.54567
18.55139
19.64281
18.20885
19.53365
20.31088
15.96555
19.54453
21.51545
16.31941
19.09346
9.605278
16.32527
15.96411
10.67359
18.09307
13.3467
12.26149
20.16991
15.16976
19.85766
20.16005
13.42898
17.39048
20.23906
16.09251
14.46668
16.23721
12.58946
20.48418
17.39051
21.3114
13.74702
15.36375
13.18564
18.35466
16.49691
11.86502
14.8725
14.09825
16.09969
9.45667
21.04092
16.40856
22.60035
15.46763
14.60786
20.16451
16.18681
18.31542
16.72409
21.69831
16.34057
