14.76315
15.84619
22.32377
23.82758
15.94267
18.35938
18.9008
20.02961
12.21317
16.22233
16.62839
12.4506
14.30887
19.86705
15.601
13.24307
19.7047
11.55653
13.26243
9.043049
10.63374
19.49025
10.04683
19.02982
14.88355
11.15134
8.27882
16.17748
18.08758
18.39647
26.17738
21.20924
13.25843
14.19775
9.430937
10.44419
15.7522
18.23732
10.86774
12.88197
15.34506
19.15928
17.61145
20.91798
10.602
15.5519
16.39622
27.03847
16.14569
15.67938
23.62636
20.35991
20.94877
23.10387
20.38175
19.92026
12.20612
20.51361
19.82174
21.3608
21.15034
28.04945
20.44416
31.07974
28.84279
29.10099
30.1651
35.72126
31.97562
22.85622
21.38959
24.24154
37.0393
24.30842
21.7084
26.76225
29.29006
40.40531
22.08668
25.62243
38.726
34.49118
18.65479
9.66642
17.2205
