8.137082
8.140701
8.713256
8.669078
7.837174
8.135397
7.862841
8.359371
7.917742
8.095942
8.44894
8.239448
7.953739
8.559388
7.806342
8.032761
8.793936
8.166263
8.594191
8.245034
8.386861
8.791402
8.296789
8.423499
8.900683
8.237554
8.931354
8.79869
9.042764
9.11214
9.364514
9.384205
9.34842
9.233846
9.400588
9.604105
9.88129
9.956479
9.57715
9.548736
9.516263
9.850054
10.36566
10.11553
10.0301
10.01144
9.980312
10.49662
9.730768
10.07282
10.97833
10.94817
10.88904
10.5795
11.17629
10.62682
10.69178
11.02534
11.09819
11.06009
10.84228
11.40928
10.97622
11.58699
11.57971
11.90498
11.92354
11.64036
11.86082
12.00745
12.17335
12.39366
13.35152
12.24858
12.13944
12.30872
12.88303
12.59826
12.54137
12.65261
12.85044
13.11516
11.55556
11.546
11.98334
