8.10146
7.824045
7.964616
8.210986
7.803131
8.100137
7.89313
7.77673
7.088179
7.559054
8.536083
7.930319
8.228945
7.981576
7.384752
8.106918
8.098652
8.819674
8.406016
8.201603
8.121176
8.062551
7.923538
8.519633
8.099349
8.353406
8.315455
8.476154
8.518382
9.090003
8.582273
9.045811
8.652347
8.938784
8.885439
9.336989
9.266595
8.93589
8.571628
9.126555
9.506681
9.197495
8.866656
8.58158
9.024071
9.055808
8.710934
8.878998
8.931842
8.857356
9.292626
9.194626
9.649673
9.194369
9.04986
8.817519
9.557129
8.998157
9.025404
8.97138
9.054391
9.498941
9.892535
8.94624
9.047076
8.957595
9.010823
9.925975
9.61264
9.047054
9.705416
9.6299
9.899944
8.771479
9.716304
9.51257
9.655403
9.260365
9.463641
9.856953
9.499818
10.04103
9.915958
10.1533
10.08511
