9.356774
8.811825
8.604939
8.977342
8.468692
9.22363
8.723196
9.025518
7.913658
8.44115
9.567623
8.917535
9.293345
9.037035
8.479669
8.981917
9.103888
9.920357
9.345275
9.300515
8.984896
9.125042
9.29885
9.748814
9.254567
9.956799
9.340476
9.448474
9.508271
10.55537
9.765742
10.14746
9.784547
10.04316
10.08135
10.94835
10.04438
9.690814
9.702184
10.22798
10.72203
10.74678
10.05052
9.558447
10.4697
10.44771
10.24957
10.28278
10.46933
10.36201
10.78262
10.55824
11.12901
10.67981
10.3542
9.918503
11.24932
10.32144
10.69646
9.844918
10.69354
10.83681
11.39025
10.41053
10.72073
10.71993
10.55235
11.98117
11.62951
10.39936
12.03086
11.18675
11.33118
9.610723
11.23769
11.1397
10.65594
11.04296
10.77693
11.23576
11.05161
11.58194
11.6372
11.29261
11.15321
