9.303592
9.177314
9.43038
8.814486
8.659346
8.705238
9.017229
8.962555
8.677146
9.229537
9.613807
8.986936
8.721669
9.045841
8.564544
9.40077
10.37381
9.059131
9.579341
9.318386
9.575317
9.641184
9.064837
9.626685
10.27382
9.158138
10.09018
9.882877
10.02133
10.1996
10.44032
10.26928
10.33308
9.996435
11.05676
11.26241
11.36046
10.80942
10.61277
10.62141
10.79104
11.23825
11.41397
11.44199
11.10182
11.88851
11.2372
11.82108
10.55268
11.59235
12.51821
12.18727
12.36263
11.90012
13.23267
11.88112
11.93157
12.03935
12.69628
12.71963
12.37039
12.55634
12.39422
12.97923
13.18058
12.83628
13.12589
12.9509
13.67238
13.10512
14.37381
14.27179
14.28076
13.61033
13.82618
13.97345
14.52698
14.33973
14.19496
14.10393
14.67975
15.30952
12.79774
12.96682
14.03742
