5.658029
5.000437
5.347327
4.767681
4.84823
4.88263
5.04009
4.761316
4.811769
5.078069
5.106813
4.801284
4.533116
4.781567
4.878354
5.005698
5.81428
4.965398
5.239988
5.27468
4.960542
5.455109
5.245298
5.193482
5.870204
5.300832
5.473172
5.137918
5.458034
5.722964
5.785124
5.634873
5.814275
5.662978
6.199992
7.004426
6.510084
6.256588
5.94312
6.211734
6.471111
6.881561
6.583713
6.325613
6.875068
6.780141
6.737947
6.700179
6.493902
6.911593
7.244937
7.35845
7.216637
6.489401
8.235838
7.169243
7.040447
7.031793
7.60667
7.78952
7.425576
7.435415
7.904916
8.5932
7.81603
8.01247
8.500397
8.033481
8.508225
8.222324
10.2398
9.105586
8.943653
8.870309
9.204721
9.442641
9.925153
9.075624
9.07941
9.326589
9.530211
10.38081
8.97166
9.208583
9.583968
