6.021583
5.246558
4.96238
5.248774
4.897846
5.391277
4.849071
4.943433
4.750814
4.709598
5.28597
4.750051
5.287271
4.854591
4.658815
5.125455
4.825922
5.530108
5.242112
5.773267
5.194205
5.671425
5.619563
5.540479
5.31167
5.325694
5.226641
5.476602
5.196458
5.797274
5.523555
5.50832
5.447681
5.940531
5.728477
7.057581
5.991827
5.685401
5.783766
5.578944
6.135935
6.816124
5.839145
5.393779
5.74449
6.258942
6.09599
6.190728
6.125069
6.185974
6.292412
5.879649
6.092567
6.219978
6.168028
6.064638
6.422066
5.893868
6.14152
5.621202
6.26967
6.747705
6.591767
6.388937
6.412642
6.390665
6.480853
6.923102
6.946233
6.239992
8.131761
7.729509
6.982666
6.365816
7.316566
6.844246
6.51898
6.385301
6.414108
6.726989
6.526288
6.69904
7.429707
6.66249
6.639862
