23.40402
21.80315
21.46937
22.36067
21.0965
22.63186
21.39364
21.66335
19.67844
20.62427
23.30562
21.51595
22.73142
21.79105
20.448
22.13249
21.95166
24.1882
22.91005
23.19189
22.21775
22.77238
22.7561
23.7313
22.58619
23.55091
22.80119
23.32189
23.13763
25.35976
23.77982
24.61532
23.79418
24.83333
24.60343
27.24311
25.21412
24.22839
23.97035
24.84187
26.26447
26.66864
24.67117
23.44208
25.1496
25.67295
24.96993
25.25849
25.43246
25.31371
26.27998
25.544
26.77596
25.98941
25.47459
24.71105
27.13918
25.12214
25.77221
24.35012
25.92367
26.99149
27.78212
25.65587
26.08323
25.96518
25.95466
28.73766
28.08512
25.59151
29.76536
28.45343
28.12033
24.65248
28.16372
27.39878
26.73265
26.59156
26.55415
27.72862
26.98106
28.22194
28.88174
28.01253
27.78355
