23.01826
22.23578
23.41184
22.17679
21.26726
21.64822
21.84833
22.01748
21.33348
22.32934
23.09179
21.95484
21.13241
22.31821
21.16236
22.35895
24.89881
22.11187
23.34267
22.75345
22.84256
23.80592
22.5271
23.16231
24.95968
22.61801
24.41515
23.73323
24.44399
24.94825
25.50105
25.1931
25.41325
24.81127
26.56622
27.77946
27.65957
26.92923
26.03875
26.29098
26.69288
27.87501
28.26497
27.79297
27.91557
28.58549
27.86514
28.9216
26.67968
28.47675
30.64136
30.38537
30.36535
28.87174
32.55086
29.58098
29.56537
30.00153
31.29071
31.4666
30.54028
31.29448
31.17235
33.04458
32.47207
32.65337
33.43753
32.52354
33.93371
33.23425
36.66603
35.66264
36.46496
34.62915
35.04557
35.61058
37.22504
35.89713
35.7063
35.97569
36.93724
38.68513
33.20481
33.61527
35.48708
