7.923463e-10
3.942005e-10
3.316747e-10
3.24983e-10
3.119614e-10
2.723906e-10
2.50497e-10
2.836851e-10
2.685957e-10
3.152974e-10
3.200138e-10
2.191461e-10
3.347499e-10
3.362862e-10
3.064287e-10
2.38715e-10
2.496786e-10
3.378885e-10
2.5752e-10
2.353736e-10
3.454255e-10
3.174964e-10
3.295354e-10
2.938855e-10
2.94092e-10
2.429306e-10
2.852512e-10
3.155774e-10
2.878352e-10
3.452871e-10
3.163112e-10
2.719155e-10
2.707151e-10
2.61167e-10
2.771423e-10
9.847117e-10
3.585006e-10
3.331773e-10
3.030146e-10
2.626895e-10
3.092638e-10
2.883989e-10
3.031301e-10
3.083993e-10
2.758808e-10
3.267549e-10
3.318833e-10
3.148898e-10
2.924801e-10
3.076065e-10
2.940963e-10
2.585252e-10
2.4289e-10
3.248782e-10
3.416256e-10
2.88582e-10
3.274403e-10
2.908644e-10
2.905023e-10
2.600028e-10
3.035813e-10
3.211841e-10
2.986726e-10
3.20195e-10
3.011076e-10
2.984149e-10
2.610569e-10
2.6624e-10
3.049834e-10
3.218016e-10
6.845605e-10
3.591459e-10
3.419612e-10
3.406241e-10
3.354385e-10
2.975713e-10
3.106595e-10
3.601179e-10
3.459787e-10
2.944951e-10
2.973032e-10
3.195646e-10
3.321992e-10
3.257345e-10
3.43501e-10
