6.927402e-10
3.042822e-10
3.096285e-10
3.463287e-10
2.740829e-10
2.453082e-10
2.860388e-10
3.028659e-10
2.314459e-10
2.890163e-10
2.641199e-10
3.435051e-10
2.888747e-10
3.217696e-10
3.049759e-10
3.580074e-10
3.107771e-10
3.192786e-10
3.042616e-10
2.907503e-10
2.578027e-10
2.493028e-10
2.60899e-10
3.073278e-10
2.890505e-10
2.941087e-10
2.881136e-10
2.956566e-10
2.768019e-10
2.804321e-10
2.397469e-10
2.574149e-10
3.106974e-10
3.09113e-10
3.137033e-10
6.058067e-10
3.167355e-10
3.129143e-10
2.70328e-10
2.647163e-10
3.149219e-10
2.48739e-10
2.901785e-10
2.884252e-10
3.286337e-10
3.265057e-10
2.891419e-10
3.314564e-10
2.780394e-10
2.436526e-10
3.24357e-10
3.021478e-10
2.95274e-10
2.779531e-10
2.514935e-10
3.110081e-10
3.230285e-10
2.966849e-10
2.682626e-10
2.806019e-10
3.213445e-10
3.277341e-10
3.117718e-10
2.958141e-10
2.724623e-10
2.794049e-10
3.187618e-10
3.362664e-10
2.991554e-10
2.992087e-10
6.343251e-10
3.082111e-10
3.283211e-10
3.418068e-10
3.379325e-10
3.138797e-10
3.214349e-10
2.873845e-10
3.107155e-10
3.207566e-10
2.991803e-10
3.047138e-10
2.98429e-10
3.02179e-10
2.850265e-10
