23.53571
22.74747
23.90826
22.65744
21.82152
22.16781
22.41814
22.5207
21.86623
22.94641
23.6432
22.50939
21.6582
22.80932
21.67
22.9012
25.47173
22.69416
23.85656
23.28944
23.39768
24.34001
23.05489
23.68431
25.46765
23.13755
25.07299
24.3325
24.99459
25.49072
25.98769
25.8519
25.96784
25.40837
27.11397
28.32253
28.15794
27.48691
26.63515
26.91306
27.24293
28.3802
28.818
28.41511
28.47037
29.1784
28.38784
29.54217
27.25833
28.94823
31.28258
30.9431
30.91107
29.47922
33.27569
30.1765
30.2263
30.5532
31.90796
32.13856
31.12156
31.86714
31.82098
33.6692
33.07214
33.2462
34.05139
33.10283
34.60256
33.84715
37.29619
36.30004
37.02292
35.33086
35.67231
36.36133
37.82255
36.50809
36.3725
36.64048
37.54408
39.32582
33.87037
34.36622
36.11686
