24.00567
22.31347
22.01238
22.86427
21.58704
23.15813
21.83754
22.22554
20.17967
21.19555
23.78478
22.09415
23.30491
22.35178
20.90446
22.66448
22.50648
24.794
23.42903
23.73851
22.74819
23.29423
23.27947
24.29611
23.05668
24.0993
23.31706
23.85232
23.73781
25.95953
24.34406
25.12889
24.34349
25.33665
25.13925
27.85577
25.78148
24.77813
24.50104
25.40819
26.82275
27.27477
25.21176
24.01351
25.70785
26.28269
25.57774
25.82805
26.0374
25.88809
26.86633
26.11414
27.34114
26.56898
26.02227
25.30016
27.75646
25.71813
26.35781
24.90619
26.52221
27.56736
28.42231
26.2106
26.69076
26.5931
26.5858
29.32462
28.71602
26.22056
30.36499
29.09184
28.6613
25.21589
28.7411
28.02882
27.27916
27.21748
27.16182
28.32614
27.58631
28.86718
29.47122
28.56196
28.38326
