1.022708
1.056567
1.168783
2.208718
1.680612
1.625877
2.613015
1.65327
0.3265451
0.6352167
2.015337
1.293133
1.252197
1.5213
1.072105
1.21654
1.405109
1.618974
1.220838
2.118904
0.914805
0.8796244
1.008978
1.279908
1.468013
1.764681
1.459413
1.514369
1.648312
2.185718
1.226688
1.249992
1.239115
1.139151
1.245333
1.714951
1.748055
1.698309
1.198288
1.573995
2.140243
1.015518
1.492754
0.7766995
1.679097
1.707366
0.5825551
1.556879
1.043116
1.185612
1.580854
1.971966
1.540934
1.260867
0.5333116
0.7535354
1.629163
1.116083
0.9734257
1.085626
0.5951492
1.557483
2.077192
1.459783
0.8792236
0.9877261
0.9297193
1.803384
1.878653
1.14101
1.802457
1.234608
1.747361
0.8601351
1.519414
1.293653
1.694843
1.10672
0.9606461
1.621231
1.550219
1.789205
1.702681
1.647375
1.630559
