1.103632
1.206834
2.800205
2.275695
0.8054243
1.85785
1.625603
1.424624
0.9782276
1.184606
1.307441
1.00407
1.094798
1.832531
1.338956
1.013152
1.71709
0.5550192
1.413314
0.7268982
0.9829947
2.411572
0.6536821
1.291211
1.041376
0.6780985
0.9134005
1.24695
0.8869623
1.034311
1.989084
1.384726
0.8958992
0.9774449
0.8665156
0.734654
1.206092
1.525187
0.6731763
0.6354728
0.8068195
1.857653
1.886941
2.025235
0.9338223
1.313571
1.491875
2.410258
0.9281801
1.605609
1.624728
1.801002
1.570241
2.350043
1.814801
0.9071535
0.7263721
1.734133
1.108026
1.321194
1.18316
1.920922
1.37135
1.793301
2.454696
2.021293
1.705519
2.808917
1.998642
1.325802
1.047578
1.456782
3.728288
2.257389
2.008405
1.815448
2.513035
3.641067
1.107216
1.39837
3.208228
2.717016
1.101917
0.4475881
1.358421
