-1.999331
-1.708167
-4.151687
-2.694873
-1.025579
-2.212335
-1.264047
-1.292559
-1.114796
-1.145473
-2.01551
-1.347132
-1.625506
-1.597358
-0.7555734
-1.235042
-1.804546
-0.8274744
-2.074361
-1.429947
-1.909882
-2.272475
-0.4465915
-1.367078
-1.313183
-0.3236143
-1.617144
-1.661237
-0.7668065
-1.314972
-1.751545
-2.138867
-2.2413
-1.507262
-1.490326
-2.269862
-1.776194
-2.112935
-1.218122
-1.693407
-1.772034
-2.69062
-3.629754
-2.904404
-2.693909
-3.045189
-2.403556
-3.270767
-1.268422
-2.504504
-2.088992
-3.118802
-2.134592
-2.062463
-3.121427
-1.468907
-1.984859
-3.594534
-2.291432
-3.214816
-2.457637
-3.211295
-1.929329
-1.986046
-3.523011
-3.804234
-2.915287
-2.746871
-3.273853
-1.886329
-2.634318
-2.607607
-5.674158
-3.241131
-3.883995
-3.842832
-3.692401
-4.964097
-3.403605
-3.345351
-4.206379
-4.960601
-2.576384
-2.649272
-2.53402
