-1.793425
-1.49775
-1.941722
-2.395419
-1.170096
-1.872814
-1.551474
-1.658559
-0.1601036
-0.7005229
-2.072342
-1.662619
-1.512459
-0.902029
-1.444759
-1.85673
-1.718741
-3.157463
-1.576798
-2.509684
-1.680272
-1.471754
-1.442587
-2.558657
-0.653037
-2.608069
-2.170831
-1.228153
-1.705023
-1.85705
-2.187297
-2.251265
-2.011013
-1.814643
-1.745858
-1.677567
-1.789211
-2.133725
-1.051046
-1.798522
-3.162548
-1.666359
-1.76104
-1.676101
-2.386994
-2.352976
-1.488257
-1.892665
-1.980121
-1.742252
-2.1354
-3.243572
-2.322376
-2.135731
-1.657383
-1.164853
-1.493625
-1.90961
-1.667108
-1.914971
-1.325694
-2.00555
-3.062447
-0.9002729
-0.8738938
-1.830483
-1.568275
-2.438558
-2.401022
-1.87412
-2.709963
-2.068798
-3.285354
-2.113029
-1.728578
-2.02588
-1.322664
-2.263421
-1.755163
-2.278618
-3.051293
-2.314796
-3.039462
-3.262904
-2.843896
