-1.628004
-1.284448
-2.422749
-1.638006
-1.386194
-1.248683
-1.133961
-1.079223
-1.479887
-0.7072344
-1.411127
-1.170301
-1.407437
-0.5489964
-0.505448
-1.186417
-0.9560655
-1.387305
-1.440242
-1.796591
-1.77756
-0.9514784
-1.410944
-1.266802
-1.262365
-0.8085786
-1.641606
-1.901004
-1.408244
-1.31944
-0.8212064
-1.680277
-2.140893
-1.444353
-1.7807
-1.881863
-1.346075
-1.987539
-1.525944
-1.642821
-1.796543
-1.710996
-2.262625
-1.698168
-2.381305
-2.342802
-2.090087
-1.54254
-0.9022746
-1.720572
-1.26412
-2.094659
-1.431062
-0.8264122
-2.257671
-1.250391
-1.842698
-2.570276
-2.035245
-2.369744
-1.995658
-1.749702
-1.428264
-1.242857
-1.809663
-2.395576
-1.822594
-0.7379489
-1.994647
-1.25331
-2.080728
-1.918034
-2.314942
-1.629444
-2.566696
-2.4052
-2.048114
-1.676951
-2.579505
-2.420562
-1.474831
-2.807304
-2.168225
-2.581172
-1.836894
