-1.515537
-2.300118
-1.314862
-1.647967
-0.8350588
-1.440921
-0.3667324
-1.239029
-1.273119
-0.8255425
-1.075146
-1.289955
-1.19883
-0.6696228
-1.309639
-1.434485
-1.20882
-2.055163
-1.469629
-1.145207
-1.398158
-1.208797
-1.194899
-1.9388
-0.647958
-1.707978
-1.409684
-0.6669481
-0.8391047
-1.230184
-1.767695
-1.870188
-1.614696
-1.526704
-1.363912
-0.7705518
-1.217472
-1.355046
-1.193044
-1.297459
-1.690062
-1.66221
-1.125169
-1.780222
-1.25521
-1.241975
-1.551464
-1.139694
-1.485808
-1.679156
-1.430695
-1.896269
-1.73352
-1.624145
-1.758323
-1.43453
-0.7906181
-1.568255
-1.439643
-1.269309
-1.231568
-1.021859
-1.7591
-0.5653371
-1.259759
-1.544167
-1.376091
-1.475931
-1.525088
-1.638477
-1.564608
-1.597874
-2.552629
-1.772962
-0.9222158
-1.857368
-1.270574
-1.95296
-1.427879
-1.144519
-2.130057
-1.506877
-2.094873
-2.017696
-1.883632
