22.44874
22.38815
31.61884
32.38973
20.69909
24.39159
23.51636
25.70475
17.27149
20.22748
22.50545
16.58654
19.40465
24.9913
18.33918
16.63137
24.75242
15.51001
17.73773
12.92583
14.73804
24.42505
14.42265
24.1002
18.71158
13.83699
11.53082
21.86327
22.85238
23.3915
32.1944
27.0722
18.13406
18.37812
13.38536
16.59137
21.42216
24.19912
15.3774
17.23569
21.03356
24.18983
24.20185
27.38133
16.03258
21.75796
21.48969
33.82366
20.05456
20.91836
29.08974
26.26193
26.15331
28.49343
26.98779
24.42017
16.15093
27.49533
25.32339
28.50015
27.05923
35.68977
25.90662
37.69436
36.48458
36.72865
37.01063
42.43009
39.6229
28.12973
32.46209
31.87585
47.64158
31.105
29.3417
34.69598
37.12515
50.30213
28.86188
32.85038
47.54128
43.83982
24.75488
14.33177
22.6502
