19.57019
16.20218
20.40312
22.619
22.40921
20.69754
30.26359
25.30356
7.385269
16.66562
24.77508
21.85186
18.54971
23.491
16.71198
17.33247
19.75825
26.21581
19.79062
21.17468
14.56895
12.33613
9.744699
17.98125
17.51457
21.05401
23.49907
20.99012
25.35122
26.33667
20.29377
20.27938
22.3235
24.17058
24.44725
25.82683
27.27076
25.82958
20.73371
24.87274
27.08216
21.4128
24.1504
13.32802
20.87126
20.68088
14.23731
22.70534
17.36259
15.27037
25.07124
20.07897
25.47537
25.51048
17.39809
21.73648
24.64907
20.55262
18.75553
20.89866
15.84909
24.8065
22.81433
26.0223
16.9615
19.63034
16.48468
23.08966
20.66669
15.70344
21.62288
18.86176
22.4526
13.31743
25.05054
21.75623
28.27937
20.4149
18.60424
24.22355
21.62703
22.98665
21.84571
28.4884
21.88254
