17.47414
18.23823
26.40605
27.18255
18.40235
21.07151
21.71968
22.28816
14.2699
18.29182
19.18762
14.39476
16.21616
22.19529
17.81372
15.44435
22.30732
13.11271
15.33836
10.43256
12.29003
22.45552
11.59013
21.19409
17.08218
12.52629
9.548618
18.05544
19.77833
20.13292
28.52931
23.3289
15.23108
15.6652
10.87798
13.74327
18.28886
20.56666
12.33973
14.29858
16.82811
21.35216
20.14961
23.43403
12.03602
17.46946
18.67255
29.4243
17.44317
17.24257
25.71453
22.71331
22.9953
25.39222
22.95066
21.69724
13.51817
22.80532
21.64948
23.15565
22.92957
30.36835
22.36318
33.47219
31.28565
31.59306
32.53607
38.10145
34.58921
24.85106
27.87177
28.08493
40.80372
27.56886
24.42548
29.35142
32.15694
43.6465
24.25788
27.47827
41.33473
37.27575
20.23924
10.82435
18.72996
