17.21135
14.06091
18.12409
20.75461
20.36929
18.13067
27.01866
23.10927
6.235515
15.22556
22.0563
19.24746
16.43133
21.55566
15.06921
15.05853
17.93897
22.47777
17.29416
20.24619
12.27845
11.21423
8.721683
14.9677
16.38865
18.27957
21.15238
19.23348
22.3817
24.78508
17.2122
16.93775
18.57613
20.83225
21.89645
24.14285
22.91049
23.19738
18.16144
21.89436
24.31777
18.46807
21.186
11.12267
18.42706
18.3314
11.72944
20.00549
15.1993
14.20477
22.36575
17.41667
22.1079
22.37067
14.97593
19.02278
22.38761
18.03154
16.17836
17.68683
13.96822
22.49256
19.60999
23.20998
15.20555
16.91394
14.89192
20.74516
18.77556
13.35747
20.02524
17.04044
18.99962
11.27192
23.19769
18.38349
24.62069
17.31787
16.27782
22.17143
18.32406
20.23597
19.04782
23.86549
18.33528
